EPOCH = 2000
CTYPE1 = 'RA---TAN'
CRPIX1 = 810.5
CRVAL1 = 83.82214183333333
CTYPE2 = 'DEC--TAN'
CRPIX2 = 987.5
CRVAL2 = -5.394832672222222
CD1_1 = 8.959642E-6
CD1_2 = 8.795840E-6
CD2_1 = 8.795840E-6
CD2_2 = -8.959642E-6

