EPOCH = 2000
CTYPE1 = 'RA---TAN'
CRPIX1 = 810.7
CRVAL1 = 83.8221418333333
CTYPE2 = 'DEC--TAN'
CRPIX2 = 987.3
CRVAL2 = -5.39483267222222
CD1_1 = 8.959642E-06
CD1_2 = 8.79584E-06
CD2_1 = 8.79584E-06
CD2_2 = -8.959642E-06

