notebooks/proplyd-pc-luminosities.ecsv
# %ECSV 1.0
# ---
# datatype:
# - {name: Name, datatype: string}
# - {name: Sep, unit: arcsec, datatype: float64, format: .3f}
# - {name: L_ha, unit: solLum, datatype: float64, format: .3e}
# - {name: L_oi, unit: solLum, datatype: float64, format: .3e}
# - {name: L_oi_lo, unit: solLum, datatype: float64, format: .3e}
# - {name: L_oi_hi, unit: solLum, datatype: float64, format: .3e}
# - {name: F_cont, datatype: float64, format: .3e}
# - {name: r_ha, unit: arcsec, datatype: float64, format: .3f}
# - {name: r_oi, unit: arcsec, datatype: float64, format: .3f}
# - {name: r_cont, unit: arcsec, datatype: float64, format: .3f}
# - {name: s/n, datatype: float64, format: .2f}
# meta: !!omap
# - __serialized_columns__:
#     L_ha:
#       __class__: astropy.units.quantity.Quantity
#       unit: &id001 !astropy.units.Unit {unit: solLum}
#       value: !astropy.table.SerializedColumn {name: L_ha}
#     L_oi:
#       __class__: astropy.units.quantity.Quantity
#       unit: *id001
#       value: !astropy.table.SerializedColumn {name: L_oi}
#     L_oi_hi:
#       __class__: astropy.units.quantity.Quantity
#       unit: *id001
#       value: !astropy.table.SerializedColumn {name: L_oi_hi}
#     L_oi_lo:
#       __class__: astropy.units.quantity.Quantity
#       unit: *id001
#       value: !astropy.table.SerializedColumn {name: L_oi_lo}
#     Sep:
#       __class__: astropy.coordinates.angles.Angle
#       unit: &id002 !astropy.units.Unit {unit: arcsec}
#       value: !astropy.table.SerializedColumn {name: Sep}
#     r_cont:
#       __class__: astropy.units.quantity.Quantity
#       unit: *id002
#       value: !astropy.table.SerializedColumn {name: r_cont}
#     r_ha:
#       __class__: astropy.units.quantity.Quantity
#       unit: *id002
#       value: !astropy.table.SerializedColumn {name: r_ha}
#     r_oi:
#       __class__: astropy.units.quantity.Quantity
#       unit: *id002
#       value: !astropy.table.SerializedColumn {name: r_oi}
# schema: astropy-2.0
Name Sep L_ha L_oi L_oi_lo L_oi_hi F_cont r_ha r_oi r_cont s/n
177-341W 25.432600010148143 0.011738848445519699 0.0001465576393778179 0.00012709483662769387 0.00016602044212794194 282.7904653457074 0.228991980724951 0.14065836947705218 0.0733625963735056 7.5301405074808105
173-341 22.345344070016168 0.0008042062919762473 8.747661009961229e-06 3.469990340259424e-06 1.4409890995791538e-05 108.81369957433503 0.05951461321281348 0.044188512920680524 0.03151694521675653 1.544914465122785
170-337 15.998131078035563 0.01290145706640085 0.00013073287138408194 1.7386222465752586e-05 0.00029296607845290436 9205.860124721825 0.14117175415160327 0.10104938049646338 0.03635492397386209 0.8058329965000481
171-340 18.873422933876565 0.0010805854721510967 2.923444666271193e-05 7.1593938187612995e-06 0.00012195958554119133 2649.197638230989 0.13691211552569635 0.09554403487273348 0.036236629516748005 0.31528069967115424
180-331 24.69660035312236 0.002931838081325565 3.0794251807935563e-05 2.42302684768686e-05 3.795782153898991e-05 113.0728132809008 0.12306979870311226 0.06653293531489456 0.0986116327629852 4.2987299578367075
176-325 16.342545948543982 0.004477815781596836 6.304125510028421e-05 5.5022648730070425e-05 7.105986147049799e-05 68.38235162833288 0.07546160331560883 0.04405069104586893 0.03580691048411117 7.8618717754321485
168-326 6.4508070307303065 0.021847177374681264 nan 0.0 2.095338904948232e-05 nan 0.1239006957916872 0.025 nan 0.3001500448750734
161-328 7.563771376918397 0.0017530647656832715 1.5068181352462574e-06 6.478619262451007e-07 3.4143474433104095e-06 nan 0.10019401420465114 0.025 nan 0.7899318395141436
158-327 10.710830958563081 0.009319690912495944 1.867469460540571e-05 5.3243816159302295e-06 5.995776514812859e-05 1609.0097102528755 0.18182559408763352 0.1022650880479355 0.04640452008031082 0.4523572098659596
154-324 16.594280415721187 0.001097986278974339 nan 0.0 4.449922215707792e-06 14.183956773175193 0.06708144259133644 nan 0.025 0.0
154-321 16.701226928020922 0.00044238112276698564 4.776928048864214e-06 1.551529456872598e-06 8.00232664085583e-06 15.828345965330811 0.060440157442151005 0.033661442849326914 0.025 1.4810349519978434
152-319 19.24338618159129 0.0009062158777534074 1.6609622024671997e-05 1.177797780337574e-05 2.149498083663449e-05 36.918525510754584 0.11761430544421549 0.055844816618958855 0.03638805444425705 3.3998776065334204
158-325 9.650608809743282 0.005839272096713221 nan 0.0 2.854878790291125e-05 363.5896442816066 0.14728030700091663 0.045025207787794584 0.03494408738115165 0.5420605080429992
161-324 6.17752268227937 0.009114793970398088 nan 0.0 4.282008694480404e-05 nan 0.08310385080280364 0.025 nan 0.8526623366321956
179-354 37.69735633321221 0.00017057338257547115 2.17560796404215e-06 1.2716940799264508e-06 3.0795218481578492e-06 nan 0.06051762841735476 0.039751355983247465 nan 2.406875259107843
175-355 35.72413709208846 8.305484464272328e-05 3.112001530404002e-06 1.8240759796828966e-06 4.399927081125107e-06 31.15963381336145 0.07283416928662464 0.05007815105915727 0.03849651615588108 2.4162899234832342
155-337 20.310083597319718 0.009228710613450295 0.00011099188449618427 8.127159061518769e-05 0.000142849876554842 541.8365015602171 0.20952088556326962 0.11273071238622646 0.066292154225162 3.483957315697213
159-338 17.29786042496041 0.0027479797630192344 3.034751721087916e-05 1.9059266218975038e-05 4.1635768202783284e-05 129.2773651466197 0.10211391041477279 0.03783681594553196 0.03657825664432634 2.6884162331830015
182-413 56.78242731489862 0.004428797819416278 6.795274378886417e-05 4.369672064276892e-05 9.272796731893389e-05 40.412715049015006 0.5858789746357999 0.27277318042113924 0.37015130944786406 2.7427701593242877
183-419 62.197582858404104 0.0002298367778509823 1.2091184286084732e-05 1.0164887012017452e-05 1.4351760036235566e-05 13.405960635588123 0.2194904750187418 0.09815035949405429 0.09481577913051699 5.348718920513044
183-427 69.64097749743587 0.0005586782909638731 5.893126024487601e-06 2.7414903296832637e-06 1.0163466751282958e-05 93.52367577454551 0.10090826599533488 0.07608800319925987 0.03738681727774289 1.380013071910084
184-427 69.70579108293958 0.000303378564551506 1.580092584063135e-05 4.127740278770849e-06 3.540353524487059e-05 310.80710445863974 0.3764517669481472 0.21908976500796223 0.04332483487674873 0.8060623723499927
174-414 52.6339561187027 0.00030893719329032587 2.7041806434843695e-06 1.5666715897505274e-06 5.838209523959286e-06 126.19712148358505 0.07688271448045504 0.0643885429728756 0.03402851853649926 0.8628448385818928
168-328 6.616085578685571 0.003818645640922916 nan 0.0 3.896321858640816e-06 nan 0.060260994994523344 nan nan 0.0
167-317 7.786029310045058 0.02707106043726384 nan 0.0 8.431089776256905e-05 187.92384965325473 0.09542402007966556 0.025 0.025 0.32477599901390913
166-316 7.257226709590631 0.0027838133759799204 nan 0.0 2.081700928534319e-05 136.77741852020074 0.047637230565746584 0.025 0.025 0.110862006344469
163-317 7.029865473889853 0.01583754657158069 nan 0.0 0.00026603443595502773 2037.328424142911 0.09693142488255 0.08533248576492986 0.026604765971343817 0.3228871866277993
158-323 9.475915329908505 0.016889131357701703 0.00031861511534888096 0.00011231363843525211 0.0006417048004153428 8264.10215248107 0.11466957800638891 0.08937959934115616 0.034646560678431255 0.9861506884174884
157-323 11.058648404361538 0.003952936631739924 nan 0.0 0.0002619401602076044 4104.598814487955 0.07658868242839023 0.03620748652481879 0.03537671763037252 0.5024112444271199
156-308 19.461879419518056 0.0010598924242524621 1.0927300374334215e-05 5.271064964259411e-06 1.6984685407665098e-05 219.02484206004914 0.4744199195053975 0.06417015989148035 0.059149561137113775 1.803963313245984
182-316 27.019190766622422 0.0 nan 0.0 0.0 nan nan nan nan nan
169-338 16.274465036951913 0.00047447499767988517 nan 0.0 2.0830165719919915e-06 9.92964054577442 0.049770905342941395 0.025 0.025 0.8596901625649208
170-360 37.32729456966818 0.00038605337063155976 2.257808278572639e-06 1.8787169615096793e-06 2.6368995956355987e-06 13.76793274249553 0.14291573869653015 0.05335725902430408 0.07221101990836229 5.955842766500665
