data/hst-acs-f658n-trap-south-2005_BGSUB-sources-fwhm4.0-thresh20.ecsv
# %ECSV 0.9
# ---
# datatype:
# - {name: id, datatype: int64, format: '%.8g'}
# - {name: xcentroid, datatype: float64, format: '%.8g'}
# - {name: ycentroid, datatype: float64, format: '%.8g'}
# - {name: sharpness, datatype: float64, format: '%.8g'}
# - {name: roundness1, datatype: float64, format: '%.8g'}
# - {name: roundness2, datatype: float64, format: '%.8g'}
# - {name: npix, datatype: int64, format: '%.8g'}
# - {name: sky, datatype: float64, format: '%.8g'}
# - {name: peak, datatype: float64, format: '%.8g'}
# - {name: flux, datatype: float64, format: '%.8g'}
# - {name: mag, datatype: float64, format: '%.8g'}
# meta:
#   version: {Python: 3.9.4, astropy: 4.2.1, bottleneck: 1.3.4, gwcs: 0.17.1, matplotlib: 3.3.4, numpy: 1.20.1, photutils: 1.3.0, scipy: 1.6.2,
#     skimage: 0.19.2, sklearn: 0.24.2}
# schema: astropy-2.0
id xcentroid ycentroid sharpness roundness1 roundness2 npix sky peak flux mag
1 3078.8733 44.991444 0.97858351 -0.43876546 -0.31708428 25 0 35.81629 1.2864025 -0.27344219
2 2293.0696 106.18307 0.79455429 0.018171187 0.0059131652 25 0 91.514711 3.3555983 -1.3144249
3 2167.8543 152.66342 0.59065767 -0.47043822 -0.35420702 25 0 98.590103 3.7345714 -1.4306019
4 2114.155 191.46892 0.58348262 -0.10643215 0.15884837 25 0 158.24891 6.9492651 -2.1048472
5 1368.7246 294.90973 0.54985539 -0.031627579 -0.110935 25 0 207.41727 8.6660395 -2.3445517
6 1911.8587 344.39319 0.82578778 -0.3410284 -0.012182978 25 0 67.022723 2.0481616 -0.77841057
7 1994.0156 366.83368 0.72267696 -0.13010048 0.11043895 25 0 56.41128 2.0039044 -0.75469252
8 1993.8918 369.46439 0.76962973 0.23100668 0.52381579 25 0 32.674559 1.0761027 -0.0796343
9 884.95647 516.8018 0.49015911 -0.037379482 0.040321983 25 0 55.190604 1.9280709 -0.71280749
10 307.50524 518.38861 0.37231819 0.6679668 -0.16942626 25 0 37.003889 1.0336613 -0.035945644
11 1995.6196 623.52279 0.60161065 -0.54571397 -0.01006396 25 0 24.849544 1.0257182 -0.027570106
12 110.39836 673.19101 0.46061058 -0.10272646 -0.71288852 25 0 233.55121 7.2993851 -2.1582157
13 112.47807 673.24419 0.59964165 -0.62659795 -0.91240468 25 0 218.75257 5.8633894 -1.9203718
14 2710.152 765.64185 0.39179885 -0.25023033 -0.62628808 25 0 205.24831 6.4233067 -2.0193966
15 2710.2231 764.7267 0.49026544 -0.0364342 0.012126724 25 0 215.60521 5.9438685 -1.935173
16 2676.6962 838.66297 0.62731232 0.25988112 0.054667402 25 0 65.366807 2.6974003 -1.0773635
17 192.58295 850.15646 0.48286228 -0.33497105 0.037144488 25 0 91.422052 2.9239004 -1.1649064
18 2468.247 854.89558 0.59171528 -0.20506091 -0.19091144 25 0 90.43427 3.0119855 -1.1971322
19 662.30457 858.02094 0.60611887 -0.18196812 -0.20747443 25 0 138.68701 5.7846828 -1.9056989
20 3037.6401 1005.031 0.75892535 -0.1553033 -0.1377066 25 0 60.714166 2.046308 -0.77742752
21 33.902299 1016.8014 0.54275134 -0.32812282 0.15687143 25 0 127.55368 3.9059316 -1.4793116
22 1.4807546 1025.0309 0.29462438 -0.0057962168 -0.62966098 25 0 59.237262 2.5935571 -1.0347395
23 90.258685 1036.1603 0.88658727 -0.21684734 -0.55702243 25 0 181.87005 5.4939048 -1.8497028
24 525.03324 1035.8509 0.5205435 0.51545581 0.8952574 25 0 70.185913 1.9249438 -0.71104512
25 523.17829 1045.9563 0.71074211 0.22277271 0.32864381 25 0 118.49367 3.044737 -1.2088745
26 192.74232 1050.2507 0.58366369 -0.11812295 -0.40023296 25 0 236.39668 4.9348393 -1.7331825
27 522.17088 1051.6578 0.54623402 -0.81177944 0.76713066 25 0 96.544051 2.4205655 -0.9597921
28 521.86118 1055.0299 0.83651292 -0.29614266 0.62279694 25 0 167.22996 4.7358025 -1.688484
29 318.65152 1063.541 0.65302163 -0.1580807 -0.3274388 25 0 198.63804 3.1611721 -1.2496204
30 545.74256 1062.6826 0.50470609 0.76759506 -0.27448209 25 0 41.489026 1.1225306 -0.12549545
31 528.73856 1063.6044 0.49826466 -0.023576684 -0.62654733 25 0 51.060484 1.626605 -0.52820524
32 484.29239 1063.9019 0.53373224 -0.50392679 0.26452588 25 0 -5.2784661 1.2484926 -0.24096489
33 511.44112 1066.2712 0.37149943 -0.78347491 -0.24572107 25 0 40.408971 1.6455641 -0.54078699
34 519.90343 1066.0605 0.46047986 -0.40152728 0.95245836 25 0 158.98958 3.7952926 -1.4481131
35 500.27133 1065.3797 0.63345155 -0.77571667 -0.9316363 25 0 -17.410794 1.127202 -0.13000433
36 534.84419 1067.9997 0.36739965 0.12758468 -0.17820864 25 0 36.022218 1.3799956 -0.34969427
37 544.03085 1066.4177 0.55355794 0.98763302 -0.3365972 25 0 43.862907 1.4389326 -0.39510114
38 552.76444 1066.9531 0.59726206 -0.0029429069 0.29350062 25 0 49.809432 1.397507 -0.36338499
39 502.40905 1069.0516 0.57206761 -0.21067317 0.1361122 25 0 24.858065 2.4121156 -0.95599531
40 513.94411 1069.2798 0.43298865 0.21716264 -0.46636069 25 0 116.48333 3.8297028 -1.4579127
41 509.90075 1072.4312 0.22835945 -0.06237081 -0.23622354 25 0 21.9739 1.7227119 -0.59053162
42 533.88967 1069.0693 0.5746944 0.75058465 0.89419282 25 0 32.278222 1.1404016 -0.14264458
43 551.882 1069.4573 0.40986323 0.8219311 0.61195824 25 0 45.976127 1.7905278 -0.63245267
44 558.20424 1070.3589 0.44904445 0.47188813 -0.19167398 25 0 28.578499 1.1961707 -0.19448291
45 395.8882 1072.5945 0.67633383 -0.34859273 -0.89354843 25 0 163.93262 2.9970467 -1.1917338
46 493.04995 1073.9273 0.55852914 -0.89662397 -0.35607346 25 0 2.6308998 2.0557759 -0.78243943
47 524.2821 1073.2304 0.81705782 -0.75661832 -0.86566474 25 0 76.906241 1.4484237 -0.40223908
48 470.47036 1075.3988 0.57975161 -0.89951054 -0.95669522 25 0 -5.2028869 1.424157 -0.38389466
49 504.23897 1077.2112 0.39796494 -0.73176677 0.36818457 25 0 12.300734 1.3100865 -0.29324989
50 511.40586 1076.3867 0.44095126 0.65658379 0.69039298 25 0 84.030444 1.2838728 -0.27130497
51 546.9503 1072.7319 0.53438073 0.51880331 0.481715 25 0 -7.4307415 1.0423289 -0.045011901
52 2242.1562 1074.4326 0.56462839 0.030170156 0.18463609 25 0 28.051229 1.1100943 -0.11339966
53 530.619 1077.0302 0.38436417 -0.087842236 -0.68108218 25 0 40.038769 1.292717 -0.27875862
54 479.81617 1078.5945 0.50493219 -0.074776759 -0.58326812 25 0 112.73054 2.4195315 -0.9593282
55 528.00532 1075.9954 0.7770673 0.62112031 0.37250527 25 0 63.940694 1.2464702 -0.23920474
56 542.4537 1078.4212 0.41764317 0.19533378 0.75354459 25 0 2.3387631 1.3710273 -0.34261523
57 557.08848 1084.0869 0.53223459 0.68447918 0.29261614 25 0 17.911303 1.6866271 -0.56754767
58 534.54001 1083.4174 0.21664254 0.16245946 -0.0251036 25 0 49.986901 3.0747575 -1.2195272
59 562.47605 1085.9927 0.41509364 0.26435764 -0.99817115 25 0 4.1525033 1.3126691 -0.29538816
60 408.09791 1085.2105 0.51368739 0.44959283 -0.55045601 25 0 -1.8154287 1.1126105 -0.11585792
61 459.86335 1089.7795 0.42576447 0.65419208 -0.48960625 25 0 164.70767 4.1860498 -1.554511
62 598.5202 1092.2625 0.22872244 0.40871229 0.18041849 25 0 49.511181 2.0287746 -0.76808452
63 468.89981 1091.7589 0.3999688 -0.49937467 -0.74821434 25 0 145.96779 3.4631938 -1.348692
64 590.23473 1094.0068 0.38930146 0.73217429 -0.4456918 25 0 29.895321 1.2379322 -0.23174218
65 578.68936 1096.463 0.91353427 0.023772704 -0.59241674 25 0 157.9402 3.2874818 -1.2921584
66 622.33668 1095.8114 0.36183976 0.18095481 -0.20889882 25 0 61.16527 1.9414118 -0.72029416
67 284.8892 1100.7545 0.534678 0.029725272 0.10582644 25 0 24.656927 1.0489268 -0.051863
68 621.28236 1101.8996 0.63785613 -0.82173816 -0.052130054 25 0 223.51509 8.7896466 -2.3599285
69 996.35564 1100.2697 0.3900003 -0.44261871 -0.59464966 25 0 214.27624 6.6986996 -2.0649763
70 996.11916 1101.4521 0.51424932 -0.0033945622 0.31912756 25 0 211.49092 5.4459492 -1.840184
71 486.07921 1102.7936 0.26157747 0.32720712 -0.66500059 25 0 20.678522 1.9379546 -0.71835901
72 499.82471 1104.4781 0.43986486 0.48817524 -0.57792677 25 0 125.32072 2.6586072 -1.0616354
73 619.75059 1104.635 0.62383728 0.38008618 0.76450759 25 0 225.63616 5.8870786 -1.9247496
74 492.02063 1105.3804 0.32801532 0.32390941 -0.81994024 25 0 8.9966724 1.8926885 -0.69269784
75 536.52979 1103.8182 0.54157649 0.2065116 -0.62224178 25 0 70.462315 3.1622972 -1.2500067
76 553.6923 1104.0581 0.62724207 0.014480075 -0.19162826 25 0 108.22779 3.3017029 -1.296845
77 563.76247 1105.1422 0.93327076 0.07678521 -0.4255629 25 0 120.30061 2.427316 -0.96281579
78 531.30229 1105.4431 0.50241826 -0.16913043 -0.22751953 25 0 84.28801 3.0663362 -1.2165494
79 501.71842 1108.101 0.6764514 -0.36858383 0.020878836 25 0 104.68131 2.8225956 -1.1266217
80 553.91647 1107.682 0.53151032 -0.095087308 0.72885613 25 0 2.0617915 1.2774302 -0.26584293
81 565.96041 1109.2301 0.40874351 -0.25997832 -0.71832643 25 0 6.0084535 1.626557 -0.52817323
82 504.82816 1109.2727 0.7830231 0.23587728 -0.2784861 25 0 69.654499 1.5171489 -0.45257054
83 520.43573 1109.9554 0.72233941 -0.85002977 -0.47786177 25 0 79.463786 2.4831372 -0.9875018
84 595.07966 1110.2023 0.27547858 0.24098528 0.74399222 25 0 -5.9404594 1.5014116 -0.44124945
85 495.55228 1113.8092 0.27482748 0.90016429 -0.9533979 25 0 10.27273 1.4626491 -0.41285038
86 523.37688 1112.4278 0.44727153 -0.94880488 -0.53863588 25 0 6.538398 1.4178085 -0.37904393
87 495.54302 1114.1431 0.45881536 0.063988102 -0.87664364 25 0 25.190591 1.4873634 -0.43104275
88 502.91049 1113.8355 0.67391616 0.026106125 -0.15782676 25 0 52.963754 2.4316067 -0.96473331
89 480.15941 1116.1572 0.49797657 0.86488225 -0.36589847 25 0 11.837428 1.0177871 -0.019142358
90 511.08025 1114.8013 0.28033224 -0.7418791 0.91853104 25 0 125.93972 2.960677 -1.1784776
91 510.71711 1117.6735 0.45673644 0.1623411 0.85280254 25 0 117.80902 3.3496804 -1.3125084
92 507.24537 1120.8841 0.90082375 0.73120255 -0.19806265 25 0 9.8581211 1.0628266 -0.066156024
93 535.23578 1120.3024 0.71195922 -0.22620488 -0.31653304 25 0 -43.792123 1.0502853 -0.053268167
94 2520.3382 1119.1997 0.53378881 0.0018651779 -0.27263829 25 0 195.65646 7.8038725 -2.2307754
95 493.71716 1120.4467 0.45384234 0.70968236 -0.21399726 25 0 34.377105 1.5693584 -0.48930537
96 517.38914 1124.0518 0.43278982 0.70475422 -0.13527083 25 0 3.8748108 2.0026967 -0.75403794
97 503.02089 1125.0931 0.3767697 0.45383533 -0.34751967 25 0 23.304453 1.4112473 -0.3740078
98 2512.5242 1126.5393 0.54031399 0.32693354 0.029094371 25 0 137.8221 5.454945 -1.8419759
99 508.87557 1128.8263 0.66937992 -0.47292559 0.65280263 25 0 124.29463 3.6350411 -1.4012733
100 515.24459 1131.094 0.56405846 -0.127399 -0.93248499 25 0 4.3049749 1.3948464 -0.36131597
101 525.04099 1134.0782 0.47456675 -0.29634281 -0.44647461 25 0 11.462394 1.0315912 -0.033769034
102 3412.7331 1137.9601 0.37876447 -0.060018582 -0.23627745 25 0 222.24053 7.1105451 -2.1297572
103 416.57948 1190.508 0.58640807 0.44177347 0.16023373 25 0 29.294674 1.004251 -0.0046056929
104 1430.0768 1290.2487 0.7794198 0.031334041 0.23831121 25 0 62.134075 1.8258442 -0.65365928
105 1194.5087 1318.9271 0.72987371 0.1357609 -0.043795 25 0 96.493693 4.1792085 -1.5527351
106 1894.0962 1471.0867 0.68801285 0.12308164 0.046068224 25 0 62.3294 1.9920215 -0.74823504
107 757.12667 1590.8201 0.40894162 -0.10394304 -0.48639094 25 0 155.17949 5.2754671 -1.8056523
108 1873.5856 1711.8456 0.31701539 -0.45471789 -0.2469902 25 0 47.130573 1.2309852 -0.22563205
109 1483.6793 1716.0978 0.37302608 -0.38901155 -0.46888185 25 0 183.29204 6.5633476 -2.0428135
110 3290.5111 1733.2864 0.65276923 0.15706849 -0.17926568 25 0 159.87117 6.5308103 -2.0374177
111 727.83663 1749.71 0.46417572 -0.18202454 0.88774097 25 0 142.54642 3.5628839 -1.3795042
112 728.00686 1750.3307 0.45010507 0.12287446 -0.25203987 25 0 185.76449 4.5052331 -1.6342932
113 2642.7118 1754.3426 0.74211719 -0.28952257 -0.044608289 25 0 41.956015 1.5856725 -0.50053372
114 2197.663 1764.1083 0.6250075 -0.20169179 -0.035739385 25 0 28.611722 1.2647924 -0.25504815
115 2604.0176 1893.6488 0.46358183 0.81328044 -0.76958286 25 0 71.454351 1.63646 -0.5347635
116 686.53506 1962.9652 0.62287138 -0.3507597 -0.94067317 25 0 178.46979 4.9106282 -1.7278426
117 2897.8633 1990.2959 0.55829508 -0.035348196 -0.56172798 25 0 38.879137 1.5584371 -0.48172318
118 1917.4315 1990.4114 0.50155573 -0.98630574 0.29412828 25 0 61.056833 1.0023848 -0.0025861294
119 2907.0301 2012.6698 0.60659647 -0.059180682 -0.00024315553 25 0 43.956526 1.7869416 -0.63027588
120 985.58098 2018.6234 0.69040138 0.38318744 0.03032304 25 0 104.13907 4.1247811 -1.5385023
121 1838.6527 2108.5577 0.54048257 0.31114863 0.17500766 25 0 42.496149 1.4793902 -0.42520683
122 2403.5525 2127.5049 0.61411466 -0.34069223 -0.018135582 25 0 45.632656 1.7899168 -0.63208208
123 1880.1542 2151.1641 0.71658259 -0.28696288 -0.24520622 25 0 11.182782 1.4099049 -0.37297459
124 2347.9326 2162.9978 0.38277189 -0.007649284 -0.49896339 25 0 191.16746 4.2754237 -1.5774479
125 2347.7659 2163.4296 0.53099455 0.59613728 0.27772556 25 0 187.78611 4.343768 -1.5946666
126 2465.9088 2181.5643 0.26657883 -0.11740684 -0.33817694 25 0 155.5329 4.6756551 -1.6746062
127 2465.4949 2180.5287 0.54857116 -0.25000304 -0.037636343 25 0 154.93577 3.1299809 -1.2388542
128 2691.3178 2187.0417 0.37846746 -0.23677037 -0.91215464 25 0 189.16629 6.1560158 -1.9732493
129 1957.9681 2225.6804 0.63906635 0.0014151671 0.043686569 25 0 81.52261 3.0360541 -1.2057738
130 1497.8208 2301.87 0.46523861 0.036929895 -0.063934109 25 0 34.083349 1.3766402 -0.34705112
131 842.36809 2369.6537 0.56129891 0.19508784 -0.11355873 25 0 189.89546 4.5101062 -1.6354669
132 2572.9838 2382.6788 0.4910862 0.39113918 0.94018907 25 0 51.407241 1.1987379 -0.19681061
133 1180.3823 2383.4125 0.67616619 0.32732624 -0.011467031 25 0 49.631144 1.8644806 -0.67639469
134 2866.7149 2383.5558 0.46402413 -0.55177187 -0.89255303 25 0 54.974952 1.2049235 -0.20239866
135 2576.0593 2387.354 0.47709008 0.15716202 0.20655964 25 0 170.36921 2.9727235 -1.1828863
136 2576.3156 2388.9137 0.34507661 0.037131171 -0.61382462 25 0 174.88426 3.3120486 -1.3002417
137 3378.8212 2387.6424 0.48645889 0.44320602 0.070476726 25 0 51.299892 1.7062597 -0.58011286
138 2576.4931 2388.5347 0.37926108 0.27221704 -0.19876935 25 0 184.22841 3.4401803 -1.341453
139 2882.345 2392.5892 0.42470257 0.46668474 0.2799221 25 0 70.604389 1.1542667 -0.15576539
140 2571.551 2394.0561 0.50890368 -0.019437161 0.0012513313 25 0 40.912012 1.1234939 -0.12642677
141 2888.2949 2397.2624 0.42153691 0.44133222 -0.41420778 25 0 39.431754 1.0825826 -0.086152645
142 2586.7462 2445.3961 0.25950305 -0.1986226 0.37340932 25 0 137.91146 1.8001242 -0.63825616
143 2587.7744 2453.3418 0.26432354 -0.22113894 0.57762726 25 0 185.02191 1.8031532 -0.64008156
144 2595.9095 2452.2391 0.31830139 -0.11281472 0.20940933 25 0 185.14106 3.6128577 -1.3946272
145 1659.7386 2455.4129 0.37304799 0.13500728 -0.085000473 25 0 197.16885 5.9323896 -1.9330742
146 2582.5895 2455.7572 0.43705869 0.083559348 -0.98865871 25 0 160.66362 4.6900394 -1.6779412
147 3687.2813 2487.0845 0.49303005 -0.31304518 -0.23042987 25 0 187.42855 4.785923 -1.6999143
148 3690.5344 2487.997 0.48220247 0.11045051 -0.88895618 25 0 177.62071 5.2178671 -1.7937325
149 3688.0405 2487.6577 0.43423588 -0.22858166 -0.40581441 25 0 187.96172 4.2516324 -1.5713893
150 2827.6704 2514.8752 0.48007423 0.050497465 -0.058574106 25 0 99.333358 3.9385291 -1.4883352
151 2928.3662 2519.5639 0.49800707 -0.32265108 0.039344503 25 0 60.843412 2.6690307 -1.0658839
152 290.41972 2522.2702 0.46750014 0.071990108 -0.015007746 25 0 57.90565 2.02013 -0.76344828
153 2743.2182 2538.8985 0.47734656 -0.26843474 -0.75987879 25 0 163.5639 4.7286112 -1.686834
154 973.92588 2539.6274 0.54691093 0.11416181 0.030855485 25 0 166.68335 7.2014669 -2.1435524
155 3574.6156 2563.0005 0.89114792 -0.51778509 -0.51227658 25 0 151.01252 5.8646275 -1.9206011
156 2042.8175 2564.1561 0.66677577 0.014683134 0.041678277 25 0 35.836767 1.4294585 -0.38792889
157 3590.0087 2566.1047 0.64925236 -0.70801254 -0.56347042 25 0 160.57792 2.8384734 -1.1327121
158 3592.65 2565.1031 0.42597656 0.21338287 -0.68992231 25 0 177.41816 3.7155564 -1.4250597
159 3592.5147 2566.6341 0.53822342 -0.0012688178 -0.83469683 25 0 170.40874 2.9951913 -1.1910614
160 3607.0815 2567.7578 0.7528809 0.046711142 -0.5429039 25 0 112.98906 4.6377912 -1.665778
161 620.95468 2574.1667 0.52606784 -0.15292317 0.042263521 25 0 193.61655 8.2962432 -2.2972037
162 2179.7162 2620.7944 0.54793617 -0.17250461 -0.070530588 25 0 163.92789 6.0569712 -1.9556388
163 2077.8892 2624.4576 0.44194755 0.93653323 0.96269912 25 0 91.019001 1.250546 -0.2427492
164 2056.7673 2625.9129 0.58190917 -0.15082231 -0.28037318 25 0 33.652225 1.2335671 -0.22790699
165 2078.9954 2631.382 0.52649101 -0.73211196 0.58492056 25 0 195.62361 1.7370534 -0.59953293
166 2077.464 2631.7006 0.55901269 -0.74567628 0.0074266537 25 0 198.0525 3.203218 -1.2639662
167 2260.261 2653.2407 0.57848578 -0.075800221 -0.27333715 25 0 187.23413 7.6080328 -2.2031809
168 852.69915 2661.9236 0.45149275 -0.54203282 -0.095636642 25 0 38.607168 1.2300855 -0.22483827
169 3157.8306 2679.0824 0.5158623 -0.36654579 -0.67551274 25 0 133.97391 4.5912481 -1.6548269
170 2647.8933 2680.9297 0.74594118 -0.10723639 -0.06175686 25 0 91.862505 3.3908059 -1.3257573
