data/hst-acs-f658n-trap-south-2005_BGSUB-sources-fwhm4.0-thresh20.ecsv
# %ECSV 0.9
# ---
# datatype:
# - {name: id, datatype: int64, format: '%.8g'}
# - {name: xcentroid, datatype: float64, format: '%.8g'}
# - {name: ycentroid, datatype: float64, format: '%.8g'}
# - {name: sharpness, datatype: float64, format: '%.8g'}
# - {name: roundness1, datatype: float64, format: '%.8g'}
# - {name: roundness2, datatype: float64, format: '%.8g'}
# - {name: npix, datatype: int64, format: '%.8g'}
# - {name: sky, datatype: float64, format: '%.8g'}
# - {name: peak, datatype: float64, format: '%.8g'}
# - {name: flux, datatype: float64, format: '%.8g'}
# - {name: mag, datatype: float64, format: '%.8g'}
# meta:
#   version: {Python: 3.9.4, astropy: 4.2.1, bottleneck: 1.3.4, gwcs: 0.17.1, matplotlib: 3.3.4, numpy: 1.20.1, photutils: 1.3.0, scipy: 1.6.2,
#     skimage: 0.19.2, sklearn: 0.24.2}
# schema: astropy-2.0
id xcentroid ycentroid sharpness roundness1 roundness2 npix sky peak flux mag
[from data line 171]
172 2605.3867 2688.9362 0.42072095 0.11165722 -0.45141471 25 0 174.96295 5.1614253 -1.7819241
173 2604.9226 2689.3254 0.51797411 -0.096786803 -0.72083534 25 0 167.24369 3.811466 -1.4527301
174 2715.6379 2699.9401 0.41049844 0.19242366 0.14263679 25 0 144.6703 3.5314518 -1.3698832
175 2722.4374 2701.8555 0.58229457 -0.46936967 0.0045195364 25 0 143.31215 2.4481395 -0.97209042
176 2278.9302 2708.0187 0.39036245 0.44783191 0.37969938 25 0 166.32333 3.9501283 -1.491528
177 2287.9277 2708.6229 0.6393134 -0.049720385 0.67694876 25 0 190.1279 4.6513561 -1.668949
178 2283.4087 2712.5157 0.40258942 0.17988117 0.83467875 25 0 147.82764 2.8230092 -1.1267807
179 1917.5269 2730.3008 0.4361044 0.19200062 -0.80347024 25 0 207.81261 3.8194224 -1.4549942
180 1917.7341 2730.2048 0.48025206 0.21933491 -0.61326852 25 0 198.35637 3.6740071 -1.41285
181 2258.1503 2767.0353 0.65706764 -0.45649756 -0.92028349 25 0 174.21845 2.8526283 -1.138113
182 2258.2479 2768.1584 0.62114489 0.40680666 -0.74060941 25 0 180.63784 2.6836852 -1.0718289
183 3055.9117 2775.0515 0.42201986 -0.061239657 0.012872898 25 0 138.26373 3.9451348 -1.4901546
184 290.35594 2809.5987 0.76935659 -0.5862989 0.11420688 25 0 53.315245 1.6315818 -0.53152216
185 3315.1264 2830.8564 0.67162608 -0.10247069 -0.03862513 25 0 110.30142 4.7336093 -1.687981
186 1243.2609 2852.0954 0.46651989 -0.22238836 -0.52446379 25 0 204.80412 7.0493798 -2.1203773
187 1256.7718 2854.1378 0.60963403 -0.05476087 -0.14325121 25 0 37.82265 1.3299665 -0.30960177
188 2895.6289 2867.8977 0.60188901 -0.31037573 -0.14453529 25 0 129.47714 5.1025529 -1.7694688
189 1717.9717 2870.7029 0.68683026 -0.0036797814 0.046006988 25 0 100.21883 3.8319074 -1.4585375
190 2348.3365 2887.8411 0.37205972 0.12319231 -0.56038001 25 0 176.80938 6.8956203 -2.0964333
191 2553.3956 2892.0304 0.44559568 0.29440317 0.37183048 25 0 134.5746 3.2575791 -1.2822374
192 1644.2844 2906.7767 0.58190816 0.077298591 -0.14272362 25 0 62.900316 2.1896479 -0.85093569
193 2634.2404 2917.1214 0.39659733 -0.82519721 0.53397293 25 0 154.94804 2.583664 -1.0305901
194 2321.7596 2921.1749 0.37513843 -0.19767876 -0.8333517 25 0 146.16956 2.1774902 -0.84489053
195 2631.5279 2917.9895 0.61974422 -0.13315505 -0.47934474 25 0 143.59476 3.0346079 -1.2052565
196 2326.6188 2924.189 0.69133647 0.77543736 -0.7171719 25 0 171.06616 2.6893668 -1.0741251
197 2637.471 2921.5595 0.41699041 -0.0065611469 0.21423616 25 0 119.3779 1.6539123 -0.54628117
198 2323.117 2927.4725 0.53764805 0.76109228 -0.11073059 25 0 171.82971 2.6235217 -1.0472117
199 2327.6504 2929.1912 0.43650299 -0.46655183 -0.8259431 25 0 156.85828 2.6521602 -1.0589994
200 2446.7283 2933.6082 0.68114138 0.66949154 0.51425974 25 0 108.03507 2.8044675 -1.119626
201 2620.4908 2937.6319 0.45215277 -0.0032148142 -0.033073197 25 0 151.78888 3.0970058 -1.227355
202 2621.6236 2938.5669 0.41124154 -0.58918919 -0.68783656 25 0 160.35984 1.9342482 -0.71628051
203 2359.3588 2942.412 0.50362709 0.47882393 -0.60033031 25 0 179.05392 2.422601 -0.96070471
204 2444.8339 2943.9684 0.49474412 0.57032046 0.97821417 25 0 124.66799 3.6089759 -1.3934599
205 2361.3835 2947.5625 0.38876325 -0.65268042 -0.19644187 25 0 149.35261 2.4051901 -0.95287354
206 2110.2746 2950.3941 0.49685702 0.19855826 -0.6339187 25 0 193.77791 3.6046409 -1.392155
207 2109.7424 2950.6848 0.47704047 0.019099051 0.0014130558 25 0 182.60097 3.35015 -1.3126606
208 2111.8057 2951.4677 0.34601479 -0.23412114 0.1516134 25 0 190.45268 4.7282603 -1.6867534
209 2427.0439 2953.0502 0.90692852 -0.51673459 -0.63199154 25 0 127.10208 3.5402853 -1.3725957
210 2456.6758 2952.524 0.53506164 0.22253355 -0.3338136 25 0 21.214905 1.1331178 -0.13568766
211 2110.4755 2951.6241 0.5676815 -0.025525967 -0.22237728 25 0 176.33317 3.2917417 -1.2935644
212 2452.9422 2958.9448 0.62678129 0.50799196 -0.74531411 25 0 30.141583 1.5668211 -0.48754851
213 2556.3338 2961.0717 0.56567884 0.055049982 -0.36523933 25 0 172.10077 3.2083557 -1.2657063
214 2474.977 2960.17 0.55845776 0.95756616 0.72073492 25 0 28.682371 1.1281305 -0.13089833
215 2398.1663 2960.046 0.52617704 -0.31787237 -0.20881776 25 0 18.6603 1.0370166 -0.039464242
216 2466.7572 2960.1448 0.57257025 0.30294469 -0.44937065 25 0 29.739212 1.203203 -0.20084727
217 2423.2037 2961.7195 0.64924335 -0.61519618 -0.052332903 25 0 45.763085 2.312413 -0.9101635
218 2406.2639 2962.0613 0.57815762 -0.71139032 -0.4712086 25 0 16.985481 1.2018125 -0.19959183
219 2556.1526 2962.1679 0.54235609 -0.20524291 -0.41064611 25 0 177.82806 3.7440825 -1.4333635
220 2434.3171 2964.4143 0.40269469 0.19600152 -0.51728025 25 0 113.60132 2.8962554 -1.1545922
221 2444.5818 2964.7679 0.59851386 0.1009792 -0.68101657 25 0 122.5663 3.4697764 -1.3507537
222 2767.562 2966.3102 0.35748994 -0.40402043 -0.33580953 25 0 127.04237 4.4644072 -1.6244095
223 2454.3677 2965.5617 0.5084594 0.93586325 -0.67897626 25 0 -12.985743 1.296616 -0.28202846
224 2409.6798 2968.2701 0.64823498 -0.98361146 0.77838714 25 0 -32.631014 1.4019443 -0.36682687
225 2474.1392 2967.438 0.48935554 0.91368147 0.38624552 25 0 31.063663 1.4286608 -0.3873228
226 2479.9525 2968.2526 0.53357904 -0.41087256 -0.56723547 25 0 36.513679 1.0090749 -0.0098084571
227 2417.3619 2974.3035 0.56910041 -0.10664456 -0.20208829 25 0 30.449933 2.52924 -1.0074751
228 2478.1192 2971.3376 0.44815816 -0.84032502 0.7154457 25 0 35.410158 1.0557142 -0.05886586
229 2406.5139 2974.942 0.43939623 -0.36592094 -0.4130903 25 0 26.03235 3.2664305 -1.2851836
230 2411.4272 2973 0.25554404 0.2516016 0.19698221 25 0 -4.4663018 1.8901128 -0.69121932
231 2451.5339 2972.3712 0.67984257 -0.9320611 0.57419109 25 0 6.1623386 3.6031575 -1.3917081
232 2364.4837 2974.8759 0.36552154 -0.26387715 -0.090415049 25 0 206.01536 4.9977209 -1.74693
233 2448.4282 2976.3039 0.3986765 -0.51221158 0.36380632 25 0 3.7345153 2.7334988 -1.0917972
234 2472.3562 2974.5591 0.54360661 0.4314099 -0.042986911 25 0 28.675498 2.1440377 -0.82808103
235 2361.4546 2977.2882 0.51556581 -0.035189508 -0.01299463 25 0 201.67222 5.3887151 -1.8287131
236 2469.3926 2978.4725 0.66378936 -0.87333025 0.86852144 25 0 27.476485 1.8856339 -0.68864346
237 2454.9568 2981.3531 0.20242223 0.51034575 -0.26312168 25 0 -0.13762815 1.3757177 -0.34632333
238 2363.3909 2982.5457 0.58060996 0.26241014 0.52505144 25 0 199.67066 5.7355133 -1.8964307
239 2473.3647 2984.0688 0.66693951 -0.6767744 -0.4367074 25 0 114.13792 3.5083846 -1.362768
240 2956.9897 2989.7811 0.96743503 0.81955775 -0.072668038 25 0 44.085892 1.0199306 -0.021426592
241 2494.648 2991.8251 0.57602237 0.89513068 -0.52865308 25 0 113.69007 3.0364509 -1.2059157
242 2400.7496 2994.4789 0.6300078 0.96712291 -0.6191349 25 0 26.23025 3.1131191 -1.2329894
243 2518.1311 2997.5562 0.5674798 0.56658138 -0.808544 25 0 155.92578 2.8956967 -1.1543827
244 2610.2987 2996.6031 0.5281692 0.25077071 -0.95041278 25 0 162.05345 6.4355943 -2.0214716
245 2629.5165 2999.1412 0.5531777 0.73347211 0.036127001 25 0 155.35488 2.3380662 -0.92214201
246 2657.0216 2998.5233 0.50477974 0.47645059 -0.72755548 25 0 149.3412 2.526376 -1.0062449
247 2395.9317 3002.0736 0.65103153 0.65876235 0.90678036 25 0 -29.751679 1.9282374 -0.71290124
248 2620.233 2997.6447 0.65517145 0.39421394 -0.74669517 25 0 148.95397 2.7656036 -1.1044748
249 2654.7486 2999.513 0.58732355 0.93698882 -0.76266543 25 0 134.15211 2.3286038 -0.91773901
250 2407.7958 3000.0642 0.6712402 -0.066462137 0.01236726 25 0 40.153753 3.2113136 -1.2667068
251 2416.3851 3000.1968 0.52516632 0.90464467 -0.75961986 25 0 50.180209 2.2850008 -0.89721589
252 2631.3553 2999.6966 0.70718704 -0.59785463 -0.8133242 25 0 146.04902 2.5101184 -0.99923553
253 2421.9843 3004.0261 0.37088936 0.94289607 0.50563349 25 0 48.916066 2.424338 -0.96148293
254 2475.7722 3003.2413 0.36491647 -0.28495111 -0.6609741 25 0 53.254821 1.7378878 -0.60005436
255 2471.2159 3005.0694 0.49752767 0.21979469 -0.73546987 25 0 76.595469 3.0650031 -1.2160773
256 2427.6368 3006.0586 0.38488373 -0.36673513 -0.2381324 25 0 77.582794 2.0088691 -0.7573791
257 2463.9301 3004.6468 0.36710825 -0.75394692 -0.075207164 25 0 38.439955 2.1603234 -0.83629691
258 2514.5635 3005.5243 0.61978135 -0.39402106 -0.98470606 25 0 142.95311 2.8333915 -1.1307664
259 2406.55 3008.7716 0.48434925 0.95238325 0.022312949 25 0 5.2312842 2.8972285 -1.1549569
260 2419.9669 3010.3684 0.81647221 0.93907723 0.90583084 25 0 12.374192 2.1613098 -0.83679253
261 2593.9095 3009.3567 0.36915027 0.034707132 -0.30073921 25 0 167.12446 3.596846 -1.3898046
262 2420.1573 3009.7379 0.58974371 0.83530266 -0.13158822 25 0 9.8001334 2.2245417 -0.86810138
263 2462.4031 3009.7062 0.51430449 -0.86623287 0.31138828 25 0 44.503843 4.6282927 -1.663552
264 2474.3152 3010.8581 0.64392911 -0.49129988 0.42591305 25 0 -29.415232 1.4452735 -0.39987513
265 2543.9838 3008.5141 0.57940526 -0.057142502 -0.95398301 25 0 187.03037 2.8731722 -1.1459041
266 2394.2357 3011.8787 0.5460952 0.65557803 0.015650876 25 0 33.545619 1.2909367 -0.27726237
267 2445.8018 3009.9032 0.57765842 -0.91843712 -0.15154365 25 0 -6.1589865 1.3083661 -0.29182322
268 2423.0108 3011.9598 0.56499427 0.54985727 -0.39747804 25 0 20.039803 2.851172 -1.1375585
269 2569.1088 3010.7374 0.54991822 -0.29026034 -0.32745129 25 0 161.57137 3.2524092 -1.280513
270 2459.453 3014.0383 0.34086777 -0.96202638 0.051970848 25 0 19.988441 2.9927279 -1.1901681
271 2420.6322 3014.1482 0.49473007 0.0010925103 0.02647147 25 0 6.0306715 1.9967049 -0.75078472
272 2416.1942 3013.9435 0.72502746 0.74882421 0.4969113 25 0 3.6006852 1.0413028 -0.043942564
273 2453.3229 3018.9038 0.29190726 -0.91973445 -0.72702098 25 0 -4.8221927 1.0558807 -0.059037127
274 2482.1671 3018.4909 0.50034282 0.12169477 0.075296151 25 0 8.3355193 1.1980589 -0.19619543
275 2415.5803 3018.3859 0.50704182 0.39526315 -0.11824414 25 0 42.239922 2.3149336 -0.91134633
276 2406.8606 3021.0428 0.54588525 0.92762291 -0.61020106 25 0 17.022799 1.0179008 -0.019263641
277 2425.7699 3019.8904 0.59599313 0.53121355 -0.60121382 25 0 61.734941 2.2939824 -0.90147523
278 2429.6621 3021.184 0.65346503 -0.80419987 -0.85170244 25 0 145.6277 2.9182667 -1.1628125
279 2446.9597 3020.9405 0.86422735 -0.40127399 -0.31644726 25 0 25.568416 1.0190234 -0.02046041
280 2769.1511 3020.5658 0.52019006 0.0068431837 0.12727111 25 0 90.342985 3.6353496 -1.4013654
281 2412.0369 3022.298 0.38792976 0.80233953 -0.69583498 25 0 18.561304 1.0475937 -0.050482175
282 2438.2805 3021.8115 0.49639881 0.14726383 -0.86788271 25 0 67.71773 2.7321457 -1.0912596
283 2479.3123 3022.8239 0.50849799 -0.36661929 0.03435861 25 0 23.790141 1.0610837 -0.064374058
284 2424.8856 3021.9943 0.6595763 0.50797972 0.58136339 25 0 29.555167 1.1346379 -0.13714326
285 2691.5622 3025.5888 0.70041189 0.15090463 -0.96633075 25 0 167.34879 2.7045534 -1.0802389
286 2410.9485 3025.3069 0.66631847 0.58949979 0.039260156 25 0 42.102061 1.5055742 -0.4442554
287 2430.204 3025.348 0.5555695 -0.44219797 0.39396563 25 0 147.30529 3.5715546 -1.3821432
288 2138.3825 3027.0528 0.43229187 -0.24740016 -0.9495461 25 0 164.962 4.9349819 -1.7332139
289 2417.7953 3028.8989 0.80603082 0.3809854 -0.32643073 25 0 28.52933 1.0921558 -0.09571151
290 2436.1826 3028.5701 0.60905544 -0.025841025 -0.31563225 25 0 32.239167 1.6010704 -0.5110261
291 2445.8393 3031.8575 0.55533981 -0.44331771 -0.1061391 25 0 43.549342 1.5572427 -0.48089076
292 2429.4593 3032.9032 0.41631497 0.034011809 0.91581678 25 0 157.2396 4.4536158 -1.6217819
293 2416.6409 3036.2619 0.61553581 -0.11599739 -0.20867409 25 0 28.891608 1.4004424 -0.36566315
294 2427.5844 3043.068 0.62661487 -0.22404175 0.42053329 25 0 70.532085 1.5406686 -0.46927309
295 3195.5737 3045.6813 0.50548909 0.8084058 0.65382992 25 0 41.284195 1.131543 -0.13417763
296 2507.2404 3066.2177 0.7144358 0.24858734 -0.01434014 25 0 41.802003 1.5295418 -0.46140335
297 2204.7695 3091.3716 0.65600935 0.32859369 0.071775545 25 0 72.50951 1.9951087 -0.74991642
298 2203.9398 3095.6498 0.78488031 -0.78105551 0.69937994 25 0 61.400258 1.3497855 -0.32566191
299 2203.5083 3101.8936 0.45555203 -0.78905129 0.51477839 25 0 90.839086 3.3185193 -1.3023609
300 2196.2921 3102.6349 0.60471716 -0.96449492 -0.77675434 25 0 110.64747 3.640078 -1.4027767
301 2177.9722 3103.0963 0.5874653 0.12075166 0.88114487 25 0 1.7850512 1.0712478 -0.074724832
302 2192.4914 3105.4113 0.45562208 -0.78908901 -0.11815935 25 0 125.71594 3.2200818 -1.2696672
303 2214.9352 3106.7467 0.81656605 0.22057747 -0.32211339 25 0 83.16166 3.3076536 -1.2988
304 2489.9616 3115.6375 0.45850502 0.9697436 -0.91826279 25 0 151.64182 1.927053 -0.71223413
305 2342.1237 3115.6776 0.49251966 0.048760538 -0.49418626 25 0 123.20946 2.4469578 -0.97156619
306 2351.591 3116.4535 0.53491989 0.63208291 -0.99586313 25 0 140.04347 1.764886 -0.61679164
307 2168.7226 3115.172 0.3235568 0.71547542 -0.95901426 25 0 167.40427 3.4339498 -1.3394849
308 2227.9494 3118.8863 0.93990589 -0.058811078 0.64752171 25 0 179.34785 5.1963424 -1.7892444
309 2337.1085 3117.1644 0.34739349 -0.59733786 -0.54747943 25 0 160.69963 7.2958904 -2.1576958
310 2358.3818 3120.1751 0.61092325 0.55638267 -0.45734644 25 0 153.09392 3.4481904 -1.3439781
311 2489.651 3119.6521 0.50431615 0.72258055 -0.12367524 25 0 141.34379 1.9922144 -0.74834021
312 2491.9354 3120.6696 0.51856569 0.51528071 -0.61691733 25 0 135.49642 1.4464225 -0.40073791
313 2188.4458 3122.2561 0.47983765 -0.32188951 -0.9632388 25 0 73.507371 3.5171126 -1.3654657
314 2377.7849 3122.9933 0.57604522 0.29848966 -0.85448219 25 0 162.90992 5.1497607 -1.7794676
315 2223.3311 3123.8284 0.48106932 -0.42475164 -0.99341458 25 0 166.0109 4.7917992 -1.7012465
316 2213.8368 3124.4957 0.595433 -0.27035762 0.63308225 25 0 145.52362 3.0446661 -1.2088492
317 2250.0276 3125.5317 0.89310418 0.123335 -0.80500649 25 0 51.787986 1.1600109 -0.16115516
318 2204.4834 3124.2197 0.62018477 0.30958864 -0.8206178 25 0 130.46481 2.4630476 -0.97868201
319 2334.0309 3124.8991 0.68758723 -0.87361494 -0.048367932 25 0 58.506373 2.9404345 -1.1710288
320 2191.3277 3124.7463 0.59929828 0.22602265 0.52661335 25 0 34.59315 2.4926987 -0.99167448
321 2198.5624 3127.8204 0.22389729 0.33329204 -0.78398973 25 0 115.61394 2.5158263 -1.0017016
322 2210.7936 3128.3503 0.32764034 -0.94007649 -0.59606483 25 0 95.703512 3.5196565 -1.3662507
323 2925.1548 3128.647 0.58849088 -0.084369486 0.067107285 25 0 34.240919 1.4695259 -0.4179431
324 2194.4105 3129.4161 0.52004896 0.53317846 -0.51225008 25 0 73.196576 3.1982666 -1.2622866
325 2198.1869 3130.4354 0.38633544 0.77974058 0.72585104 25 0 130.84369 4.5092104 -1.6352512
326 2204.3875 3131.2 0.42491331 -0.98070405 -0.57369367 25 0 33.905226 1.097766 -0.10127443
327 2202.8115 3131.8864 0.5728877 -0.01781008 -0.20881653 25 0 80.377536 2.7814947 -1.1106956
328 2632.5646 3136.3388 0.49312921 -0.43106789 0.55671385 25 0 55.658763 1.440367 -0.39618288
329 1906.7882 3135.9735 0.48278779 0.039633354 0.0083609833 25 0 140.80758 4.9019793 -1.7259287
330 2032.7522 3136.7094 0.4901112 -0.58565564 -0.60760122 25 0 180.95974 6.7067958 -2.0662877
331 2197.8509 3138.9179 0.78719671 0.034929657 0.72620745 25 0 37.717157 1.0072016 -0.007791019
332 2631.8385 3144.0411 0.7303029 -0.35139045 0.79190374 25 0 97.300847 2.758768 -1.1017879
333 2195.7885 3147.0735 0.82061837 0.65765048 0.88422906 25 0 64.604993 1.7373661 -0.59972834
334 2508.4499 3145.5712 0.5636885 0.35874555 -0.9451942 25 0 169.77436 2.7229654 -1.0876053
335 2641.3426 3146.5293 0.47934718 0.934207 0.25419626 25 0 6.2404305 1.3503275 -0.32609781
336 2515.9873 3148.5159 0.44639597 0.31275466 0.15719913 25 0 133.05873 2.4643436 -0.97925313
337 2520.9895 3147.4591 0.53479402 0.16891298 -0.9974209 25 0 169.33866 3.1606619 -1.2494451
338 2643.1018 3150.3656 0.30316994 0.90864448 0.090620765 25 0 -11.819648 1.1813213 -0.18092013
339 2640.5953 3156.3118 0.51024737 -0.27178523 -0.3176849 25 0 37.392702 1.711157 -0.58322463
340 2645.9031 3160.3197 0.51095321 0.66050538 -0.17890293 25 0 42.947574 1.1563728 -0.15774464
