data/hst-acs-f658n-trap-south-2005_BGSUB-sources-fwhm4.0-thresh20.ecsv
# %ECSV 0.9
# ---
# datatype:
# - {name: id, datatype: int64, format: '%.8g'}
# - {name: xcentroid, datatype: float64, format: '%.8g'}
# - {name: ycentroid, datatype: float64, format: '%.8g'}
# - {name: sharpness, datatype: float64, format: '%.8g'}
# - {name: roundness1, datatype: float64, format: '%.8g'}
# - {name: roundness2, datatype: float64, format: '%.8g'}
# - {name: npix, datatype: int64, format: '%.8g'}
# - {name: sky, datatype: float64, format: '%.8g'}
# - {name: peak, datatype: float64, format: '%.8g'}
# - {name: flux, datatype: float64, format: '%.8g'}
# - {name: mag, datatype: float64, format: '%.8g'}
# meta:
#   version: {Python: 3.9.4, astropy: 4.2.1, bottleneck: 1.3.4, gwcs: 0.17.1, matplotlib: 3.3.4, numpy: 1.20.1, photutils: 1.3.0, scipy: 1.6.2,
#     skimage: 0.19.2, sklearn: 0.24.2}
# schema: astropy-2.0
id xcentroid ycentroid sharpness roundness1 roundness2 npix sky peak flux mag
[from data line 341]
342 2660.6509 3162.5134 0.58899377 -0.10729923 -0.85624704 25 0 94.783838 1.9939579 -0.74928997
343 2544.829 3163.6572 0.42862699 0.50236764 0.13550894 25 0 74.8112 2.2286739 -0.87011634
344 2670.8835 3165.0114 0.4707611 0.5706219 -0.87645088 25 0 117.00081 1.8039521 -0.64056251
345 2615.6214 3166.7039 0.44378361 0.05893441 -0.31067042 25 0 101.75057 1.8717463 -0.68061748
346 1779.9482 3169.2335 0.38924429 -0.10152206 -0.12030475 25 0 177.11207 4.7920758 -1.7013092
347 2610.9174 3168.3589 0.36657848 -0.64733202 0.41878132 25 0 27.197405 1.3207805 -0.30207662
348 2619.4187 3172.0669 0.44272438 0.7767818 -0.91225929 25 0 99.424429 2.826055 -1.1279515
349 2624.9118 3171.7985 0.60717565 0.64977599 -0.1953563 25 0 89.850406 1.1713708 -0.17173602
350 2643.8921 3171.0314 0.29276584 -0.25863369 -0.9025978 25 0 12.06477 2.6833496 -1.0716932
351 2621.2795 3173.7078 0.61345134 0.60199599 -0.39923775 25 0 88.642641 3.5412882 -1.3729032
352 2625.2361 3175.237 0.44419368 0.52319966 0.99074247 25 0 54.24021 2.7852871 -1.1121749
353 2630.5952 3176.6366 0.77811469 -0.333172 -0.5166949 25 0 39.141716 2.6617439 -1.0629157
354 545.17359 3180.2417 0.65505621 0.12546262 0.079874056 25 0 69.7227 2.9076055 -1.1588387
355 2624.6254 3185.7596 0.66805122 0.17549432 0.97689253 25 0 39.756767 1.1721511 -0.17245904
356 2805.5939 3186.3556 0.74100637 -0.94610001 -0.9778793 25 0 144.59741 2.1487421 -0.83046072
357 2812.886 3186.0605 0.49225682 0.22512614 -0.91970344 25 0 126.59806 1.9363362 -0.71745194
358 2623.8258 3190.3364 0.75222339 0.21582499 0.61358254 25 0 56.955507 1.6318172 -0.53167877
359 2456.0052 3221.6207 0.58094504 -0.1300727 0.20992773 25 0 29.051413 1.0834559 -0.087028095
360 2528.1494 3228.9014 0.48385489 0.37973703 0.1235904 25 0 26.795301 1.1924727 -0.19112113
361 2511.039 3231.9811 0.48368289 -0.15708187 -0.94930322 25 0 39.4158 1.7861571 -0.62979913
362 2518.0764 3232.9032 0.4779967 -0.23758372 -0.95631845 25 0 39.209303 1.8954525 -0.69428228
363 2526.2223 3233.9241 0.71527695 -0.24554597 -0.54286805 25 0 90.734879 3.8413948 -1.4612223
364 845.95288 3235.0072 0.68065578 -0.041119926 -0.0010565344 25 0 28.200858 1.1470084 -0.14891648
365 2616.1401 3246.3469 0.47172083 0.36630088 -0.66516557 25 0 155.74297 3.4795864 -1.3538191
366 3263.1718 3249.0959 0.64344935 -0.08844548 -0.98957148 25 0 33.133058 1.3195199 -0.30103983
367 2651.7155 3254.3814 0.37320915 -0.50167452 -0.84977677 25 0 102.48785 1.8926324 -0.69266569
368 2643.3842 3258.006 0.84165449 -0.40122942 0.050433552 25 0 62.021815 1.916816 -0.70645108
369 2737.0394 3262.4524 0.80464272 0.29220474 -0.96580478 25 0 51.371722 1.5737514 -0.49234036
370 2741.5279 3263.2536 0.69852503 -0.83438191 -0.83982295 25 0 44.388139 1.7787423 -0.62528259
371 2748.8989 3264.3822 0.56897851 0.064792458 -0.16257896 25 0 47.009132 2.1900789 -0.8511494
372 2303.7589 3280.928 0.5163467 -0.30732491 -0.81568487 25 0 187.78147 7.3583608 -2.1669527
373 1896.6074 3299.6453 0.60589895 0.14958295 -0.024660498 25 0 27.550283 1.0854515 -0.089026045
374 2484.7229 3303.5132 0.82220877 -0.045700451 -0.54327773 25 0 168.45782 2.649329 -1.0578397
375 2530.4238 3303.5245 0.43026157 -0.48139149 0.34979565 25 0 56.12788 1.8682106 -0.67856458
376 2538.1082 3304.3827 0.46352429 0.051276497 0.97986558 25 0 143.7414 3.773725 -1.4419256
377 2555.8047 3305.5178 0.49797421 0.52976217 -0.88273257 25 0 154.38959 2.6295755 -1.0497141
378 2525.9723 3306.6916 0.58890082 -0.34390579 -0.97122947 25 0 122.8127 2.2952154 -0.90205864
379 2561.0852 3308.33 0.32675431 0.91179869 -0.52789962 25 0 160.98779 4.3153734 -1.5875459
380 2532.3391 3317.6664 0.72769744 0.46238333 -0.73582041 25 0 131.72676 1.849695 -0.6677503
381 2556.734 3318.3477 0.63012723 -0.36151145 -0.93596577 25 0 145.83696 2.4313172 -0.96460404
382 2548.7974 3319.3072 0.55098752 -0.20550945 -0.31114753 25 0 124.17562 2.1861635 -0.84920662
383 2534.9876 3320.0302 0.29238498 -0.22907025 -0.49549637 25 0 135.45262 3.7695468 -1.4407228
384 2529.0278 3320.8601 0.66407935 0.1694142 0.67385366 25 0 32.700736 1.248247 -0.24075134
385 2536.5857 3324.606 0.61182109 -0.39060625 -0.47564274 25 0 17.211773 1.2449993 -0.2379228
386 2528.7726 3325.8234 0.65679427 0.39502621 -0.50440647 25 0 28.106474 1.7205395 -0.5891616
387 2533.7962 3327.6311 0.50968642 -0.38845919 0.36021693 25 0 20.851757 1.4725301 -0.42016047
388 2758.3817 3342.5728 0.5644972 0.056160996 -0.8876096 25 0 126.74445 4.1092209 -1.5343987
389 2823.321 3352.74 0.60125859 0.65281923 -0.89556364 25 0 39.557248 1.22967 -0.22447145
390 2932.6765 3352.9452 0.50281349 -0.30308257 -0.12685891 25 0 64.37726 2.0580622 -0.78364626
391 2878.4052 3360.401 0.47548916 0.1974211 -0.88678968 25 0 33.778919 1.4518256 -0.40478611
392 2018.1139 3385.9486 0.69265036 -0.1003015 -0.05085247 25 0 117.82561 4.5830371 -1.6528834
393 2612.8656 3409.3291 0.43667841 0.13352242 -0.22079405 25 0 168.78856 5.8175125 -1.9118433
394 3126.9583 3419.4593 0.50666462 -0.41996033 -0.81934407 25 0 142.3761 1.9946248 -0.74965304
395 3124.905 3421.0135 0.5198302 -0.66078396 -0.23187363 25 0 152.22165 2.6347786 -1.0518603
396 3133.4888 3419.8397 0.45368695 0.55963917 -0.72633374 25 0 82.457142 1.7618449 -0.61491917
397 3123.625 3424.1446 0.54930662 0.76575628 0.93591154 25 0 141.02873 1.3262378 -0.30655354
398 3124.1065 3427.2731 0.48724654 0.25199315 0.74665852 25 0 140.36091 1.7375878 -0.59986687
399 2284.5177 3428.8988 0.41490273 -0.13321635 -0.72209989 25 0 182.2095 6.0528278 -1.9548958
400 2797.1459 3509.5871 0.53746043 -0.32723687 -0.29053128 25 0 158.23071 3.6039788 -1.3919556
401 2103.6146 3509.9068 0.55078836 -0.042104096 -0.1771388 25 0 81.850283 3.1205387 -1.2355739
402 1769.1005 3511.9166 0.48339864 -0.56114718 -0.48339433 25 0 210.46137 7.0962791 -2.1275767
403 2110.7674 3512.8403 0.43862774 -0.30936072 -0.53325935 25 0 182.5614 6.6836079 -2.0625274
404 2797.2556 3512.4159 0.60567594 0.11779615 -0.24159903 25 0 166.08348 3.7474799 -1.4343483
