data/pcmos-f658n_sharp_16-sources-fwhm4.0-thresh5.ecsv
# %ECSV 1.0
# ---
# datatype:
# - {name: id, datatype: int64, format: '%.8g'}
# - {name: xcentroid, datatype: float64, format: '%.8g'}
# - {name: ycentroid, datatype: float64, format: '%.8g'}
# - {name: sharpness, datatype: float64, format: '%.8g'}
# - {name: roundness1, datatype: float64, format: '%.8g'}
# - {name: roundness2, datatype: float64, format: '%.8g'}
# - {name: npix, datatype: int64, format: '%.8g'}
# - {name: sky, datatype: float64, format: '%.8g'}
# - {name: peak, datatype: float64, format: '%.8g'}
# - {name: flux, datatype: float64, format: '%.8g'}
# - {name: mag, datatype: float64, format: '%.8g'}
# meta:
#   version: {Python: 3.9.4, astropy: 5.0.4, bottleneck: 1.3.4, gwcs: 0.17.1, matplotlib: 3.3.4, numpy: 1.22.3, photutils: 1.3.0, scipy: 1.8.0,
#     skimage: 0.19.2, sklearn: 0.24.2}
# schema: astropy-2.0
id xcentroid ycentroid sharpness roundness1 roundness2 npix sky peak flux mag
1 1080.5204425960458 29.639977851506796 0.690025335256234 0.23556001517598277 -0.06238015858679045 25 0.0 13.856236143974613 1.9390418902505184 -0.7189679787412845
2 932.387268170096 130.99867850911272 0.4585761759543906 -0.0034174404363449115 -0.0434709984691424 25 0.0 49.29470489596879 6.142259317594372 -1.97082036949871
3 1046.465977393646 155.5718708402116 0.7480257298442435 0.14682181185855092 -0.0650323387620781 25 0.0 32.662822428832676 4.496772364071632 -1.6322522580960803
4 1060.6065088436144 166.05802741758922 0.445654076045459 0.015853929836723263 -0.6126992611037684 25 0.0 29.541694330081903 2.6360428262420608 -1.0523811542676789
5 1062.5357280293322 169.75121865894457 0.8371423879831881 0.5646770965559686 0.41418608729520173 25 0.0 33.498432003607476 2.4858914746604213 -0.988705412348016
6 873.3745417058461 202.80923628209192 0.7326560812534544 -0.009630011041598512 0.5390421623540765 25 0.0 19.066957714735675 1.5651743020144788 -0.4864067719392793
7 875.6286847895069 202.64450604433736 0.6517208699326366 0.5813494268991091 0.5813698001367871 25 0.0 19.904485874679988 1.7749934751635121 -0.6229919023430072
8 878.7874502452665 208.38414005120677 0.3300571704190793 0.16559034597090044 -0.2596407166992156 25 0.0 18.88902051943107 1.7013407215920735 -0.5769782424224332
9 868.6227826493677 211.59540105718423 0.8971466998194557 -0.25130940778535643 -0.5557721712114441 25 0.0 15.359810581635944 1.3686301791527653 -0.34071528057811723
10 882.4119491959335 213.69647531743752 0.9762716117231003 0.6364820196667953 -0.08498916924972993 25 0.0 18.3615820119129 1.117714348241408 -0.12082706515142475
11 871.3675874392586 217.79997441725018 0.5877323320692739 -0.508515980564846 -0.3670484788314895 25 0.0 9.856982336969706 1.0293715911376082 -0.03143044577133132
12 880.8875622766951 216.92936162925756 0.6578722112363994 0.9648671291655317 0.4071260664837282 25 0.0 11.79021968800991 1.3221159849953086 -0.3031738902074691
13 876.4217330500198 220.31293793749447 0.4344349173541074 0.0322480512831628 0.6989917935366377 25 0.0 18.789810738392998 1.7599580861259068 -0.6137558127442007
14 876.2230085583273 221.44168524780844 0.6093523656552658 0.485574054015968 0.6998249032948693 25 0.0 19.519258561414453 1.8788751054175994 -0.6847447804393131
15 728.1565355379095 318.4150919377927 0.6456012055146224 -0.123167538589997 0.2152845516929 25 0.0 14.4818402223683 2.124526445782587 -0.818155353727358
16 753.4774948482752 343.2769833089264 0.7545625119699212 0.11057700041225502 -0.1145500838313027 25 0.0 27.587709966677732 3.561159480459898 -1.378978558120486
17 949.7328632142538 354.59155309117415 0.48729671346927445 0.2923264521492139 0.1562656175593947 25 0.0 15.487415106334407 2.171746350228358 -0.8420227508084611
18 894.2168744012765 406.3886932942358 0.6183292938630559 0.004196444437584808 0.7599034343474403 25 0.0 71.11377400441309 7.313171240328042 -2.160264356731293
19 778.7305979311511 424.89120259348186 0.6025504344973424 -0.29733406124903977 -0.10370678197714474 25 0.0 8.19047942121198 1.066635819509598 -0.07004040991354762
20 1059.7997995394585 459.210305272693 0.5824575171995623 -0.36924789352697013 0.5192786094464753 25 0.0 14.518567852704113 1.380232845568862 -0.3498808953788721
21 893.8324324041017 464.20791659236954 0.5942480329830959 0.2136092537642087 0.6762349191251874 25 0.0 16.982656092010004 1.7879509041448374 -0.6308889730181434
22 893.3221549758192 474.23320343094343 0.5565579739564391 0.0994116900225527 0.561013590944988 25 0.0 11.411966509748192 1.2189118848120204 -0.21493077896992216
23 902.709607288344 487.26308408975484 0.5246212590102921 0.663263578242807 -0.103308882013044 25 0.0 8.579460267216879 1.2113666542812265 -0.20818903628465052
24 893.8238135858313 520.7549810594279 0.5991813999694697 0.11454882274220607 0.7383020122747465 25 0.0 13.359449608780048 1.3767137686613025 -0.34710913965374074
25 878.9494871923624 537.9902083004666 0.77584695320111 0.14658705501500022 0.4280580911358528 25 0.0 8.186682391380725 1.0925289793857336 -0.09608241369515295
26 1177.3355638572887 565.315730163728 0.6174585671960409 -0.18250356359247552 0.5557241147045745 25 0.0 23.265250767472946 2.2237517199605072 -0.8677157424928188
27 1183.011701491425 571.9340904288975 0.7219505851722082 0.10055495049509876 0.120470122135872 25 0.0 13.841533031242749 1.6298145197505174 -0.5303454563590836
28 1173.9285372019904 577.123806436931 0.2613976222667197 -0.8406752468188626 0.9504961533272251 25 0.0 19.94178866034207 1.2833687366038662 -0.2708786387246087
29 1173.1812123702098 578.2538042378093 0.3963064194652636 0.29464714604220793 0.6566763106207344 25 0.0 20.2925650031752 1.4353969307409329 -0.3924300331514622
30 1181.324023022339 579.6801979590424 0.5624260720549256 0.2670064230178051 0.10215461245994276 25 0.0 19.766167320157876 1.4626780467612062 -0.4128718578590243
31 1177.2149617461007 589.5610189063757 0.5689504343535748 0.2615793241569299 0.6976302164740572 25 0.0 22.099911720612177 2.1507553747904 -0.8314775422166503
32 918.9294293140183 590.8621281120148 0.26986876597525705 0.0702714683975726 0.34795426515268485 25 0.0 80.21592289745738 8.834912965995345 -2.3655056889153507
33 302.451607133413 615.269520964153 0.680401213754326 0.12608581191452226 -0.08239689465504828 25 0.0 10.81052883028154 1.5098687774014872 -0.4473480110692987
34 931.1445602753053 636.0149187735651 0.4835689069655377 -0.744987358638036 -0.13729207439108015 25 0.0 12.216422314097041 1.4499916037823044 -0.4034137186192106
35 885.2263919976826 645.0093571659842 0.618325196144495 -0.035971960687075775 0.023392128818812558 25 0.0 8.531584321221745 1.1504310211243753 -0.15215145963434926
36 1156.4465169303653 698.3194240444697 0.6963247408849844 0.16385118676801733 -0.07675925590172801 25 0.0 21.38442667378303 3.2533040682956003 -1.2808116406911663
37 362.2011271328132 802.3361468066731 0.770706405339659 0.1754393210342377 0.03327751914523164 25 0.0 22.061302213307652 3.0861534214685116 -1.223543780695794
38 351.0336558134875 803.4960308611965 0.637566026544453 0.03813459335987477 0.18092701063912864 25 0.0 112.39619415284905 17.853540523017898 -3.129310884052816
39 861.8775001196072 811.2387383067867 0.5705772560685848 -0.06284499890102832 0.10996056750054746 25 0.0 72.9625813558684 11.919658706130216 -2.690659551227334
40 795.5892438663487 838.7351915784885 0.7181599954920361 -0.3550773734111577 -0.1765810008682122 25 0.0 31.744010485176123 4.486670617020479 -1.6298104688732504
41 316.8787101880111 861.5542463480529 0.7899474346278803 0.1514021291477065 0.17519922645694652 25 0.0 36.62389114824815 5.170153457799153 -1.7837585844690407
42 772.1414000099958 898.7325686458538 0.8750931666761862 -0.05887419861821658 0.09394968867499172 25 0.0 17.84881202531713 2.3525903992171595 -0.9288658008931703
43 70.97665056869153 931.1091807659618 0.9375099579910293 0.07076553508403023 0.04715119163408439 25 0.0 40.247308644091234 5.392086252142103 -1.8293920764599283
44 1099.37851036672 1102.4253282414577 0.6851989516938153 0.2953972250185348 0.018813724173613426 25 0.0 146.44913901936584 23.931244300170093 -3.447413200633954
45 243.89127138450425 1111.5341632710795 0.847033949772083 0.040031872803665734 0.19887499966307542 25 0.0 46.90237635866943 6.64667961954787 -2.0565118639972644
46 322.6638438500819 1217.4475563677684 0.4493321012321926 -0.017604464901676102 0.4428216968492159 25 0.0 15.482085852679033 1.2376982389184246 -0.23153693249536988
47 679.3040289261819 1653.4539694667478 0.7134263839841395 0.3564741349367088 0.07403291161012648 25 0.0 12.380888184565249 1.8395825756483908 -0.6617982183133919
