data/pcmos-f673n_sharp_16-sources-fwhm4.0-thresh5.ecsv
# %ECSV 1.0
# ---
# datatype:
# - {name: id, datatype: int64, format: '%.8g'}
# - {name: xcentroid, datatype: float64, format: '%.8g'}
# - {name: ycentroid, datatype: float64, format: '%.8g'}
# - {name: sharpness, datatype: float64, format: '%.8g'}
# - {name: roundness1, datatype: float64, format: '%.8g'}
# - {name: roundness2, datatype: float64, format: '%.8g'}
# - {name: npix, datatype: int64, format: '%.8g'}
# - {name: sky, datatype: float64, format: '%.8g'}
# - {name: peak, datatype: float64, format: '%.8g'}
# - {name: flux, datatype: float64, format: '%.8g'}
# - {name: mag, datatype: float64, format: '%.8g'}
# meta:
#   version: {Python: 3.9.4, astropy: 5.0.4, bottleneck: 1.3.4, gwcs: 0.17.1, matplotlib: 3.3.4, numpy: 1.22.3, photutils: 1.3.0, scipy: 1.8.0,
#     skimage: 0.19.2, sklearn: 0.24.2}
# schema: astropy-2.0
id xcentroid ycentroid sharpness roundness1 roundness2 npix sky peak flux mag
1 617.3502214990793 7.613429913161087 0.7127666215966973 -0.053299367365390496 -0.025939652800025054 25 0.0 17.76689942911366 2.486765278346737 -0.9890869871700767
2 1080.5244973734325 29.835852402622656 0.7134303727114543 0.03778366040553148 -0.10765935988515737 25 0.0 105.92353524305737 16.22487462841462 -3.0254533740973377
3 931.666938765933 131.33606228120829 0.422415188320736 0.054602168172401905 0.4637526010685057 25 0.0 79.94250317006946 8.247946279311714 -2.290864559072966
4 932.9342211920343 131.3591390736455 0.36479218316670153 -0.4859287969606658 0.5649054935261639 25 0.0 82.94970295257332 7.312642886191503 -2.160185912795077
5 1046.3788963443299 155.72518476127914 0.6558587122982165 -0.029149723891349545 -0.11636708634103003 25 0.0 42.93999510741638 6.427933212647321 -2.0201783892974126
6 1071.981379157741 157.32157305773862 0.9230548252328764 0.5367101388470326 0.4405954188362838 25 0.0 11.284771902962653 1.1751951052119094 -0.1752749347807962
7 1059.7036805831522 163.26609973204833 0.8418016882392643 0.12181674357179402 -0.9649627272338492 25 0.0 18.030931582707424 1.181263548663238 -0.18086700686406446
8 1068.4169975115472 165.75336368012955 0.6561966526778351 0.1277501395301822 0.3868224079273782 25 0.0 29.01670702132434 2.0120152532581526 -0.7590781720491089
9 1062.5454309568347 166.366428390454 0.34220409804375285 -0.3644640306836753 0.19626313525607558 25 0.0 28.7910434955842 2.1621992099797187 -0.837239260825523
10 1065.70424745353 169.6321729884416 0.34764283349225983 0.15600810011582184 0.3874612123429963 25 0.0 29.743975031800765 2.513952766620721 -1.0008927842214193
11 1059.0325468435105 171.87009314692114 0.8108948660050461 0.20624900935125448 0.224096870523004 25 0.0 11.649944328294302 1.1399285923619142 -0.14219411756378164
12 1065.0637391623768 172.7177640366942 0.6215482868707023 0.15187544560642735 0.8974083844156768 25 0.0 31.7002266110022 2.771618585139328 -1.1068336621019004
13 876.1838574832273 194.09632404791213 0.6186206061405363 -0.05852429290034795 0.7133566347530401 25 0.0 22.563284001714585 2.417493473228267 -0.9584132756106856
14 881.2786854487207 208.33990435320248 0.6145835852359108 -0.6786201360870956 -0.42372313727513644 25 0.0 16.161177938934415 1.087550594534437 -0.0911236753678489
15 868.5729935227249 211.8157055786592 0.6964749310472551 0.6086873736801622 -0.30536310955485935 25 0.0 16.26174201821951 1.6132313004699992 -0.519241599371569
16 871.0430834282424 218.67862785806716 0.6228504041102119 -0.5305593429699991 -0.01420345700121288 25 0.0 13.607379075042259 1.2409131284807284 -0.23435344822302792
17 881.0016907310811 218.08957531829358 0.6709322180956677 0.5809533228956296 0.2893882541444172 25 0.0 15.990334539513 1.808345613762376 -0.643203592734233
18 875.8103290051781 226.61717749830547 0.6387089136117233 0.08446961521773123 0.939382851032098 25 0.0 18.650375489931474 1.6908225743983427 -0.5702450937985115
19 876.2664778824391 228.85092970405353 0.629736113740267 0.20245009457753232 0.7216430881153959 25 0.0 20.326006257459298 2.026539575671696 -0.7668877234116611
20 728.1229964498611 318.6889449929428 0.8051953531874492 -0.04058577093753224 0.12954025654650309 25 0.0 85.89362768026793 12.469549289469038 -2.7396268905860897
21 894.0559215022951 341.4043097543715 0.6647744240939941 -0.01263507163696843 0.7886092747319668 25 0.0 222.7989961961016 22.11636915058274 -3.3617845756485574
22 892.6688789340798 341.3779928904341 0.6640536417221272 0.10591861776451457 0.6678323803075319 25 0.0 214.55505834845948 21.010866887471018 -3.306109928335003
23 753.3027900394814 343.4106520338355 0.7162064745865928 0.31532643661163634 0.08967649964208127 25 0.0 115.6687843295701 17.48885503055896 -3.1069034444818433
24 949.8431903137155 354.5092499493335 0.730061653287373 0.31589546047573913 0.26877029455785956 25 0.0 38.97984760286807 5.650491455178234 -1.880215556269774
25 707.9636393880668 393.2513867300873 0.8619861677112645 -0.029154786114367285 0.08234438150089768 25 0.0 8.917942673702829 1.0482233634453804 -0.05113458824072832
26 678.9826423039117 397.94679696038776 0.9183826498470186 0.04242487782104721 0.10127031097019762 25 0.0 23.956934182078832 3.0431187278127294 -1.2082972419108937
27 1034.5417362039434 422.9997763526528 0.708338468919742 -0.10653260780512198 -0.17219639170612414 25 0.0 9.521293646502974 1.3664797110255913 -0.339007969590464
28 893.715908313318 440.25990016632466 0.6638643481174115 0.2619048311911477 0.6803281050977479 25 0.0 41.176760798693095 4.087264341264867 -1.5285818158597393
29 893.2857189733719 458.1189056481478 0.6042505468145081 0.14540336641627966 0.7552381608165323 25 0.0 18.771106326813285 1.9232467953558987 -0.7100875436487519
30 1060.190024757913 458.7305110243875 0.637335722988557 0.14432285209747298 0.16908572563424978 25 0.0 21.967174521575625 3.034847146995973 -1.2053420557539813
31 142.42740081990232 488.0555860256594 0.7311370261358523 -0.04370110926269874 -0.16255460501551305 25 0.0 16.883876241906844 2.4587737103445546 -0.9767964022952544
32 893.6456305375135 533.7949677146773 0.6348633547031838 0.12271342571802249 0.6718473422969113 25 0.0 18.0771714366481 1.84220927103857 -0.6633474089719614
33 878.8490482997979 538.2623778412514 0.7937711930108204 -0.06844055663415234 0.49114867784564553 25 0.0 9.967179198679478 1.2998196714743595 -0.28470776323657565
34 894.2248999900229 556.9269806734861 0.5938076809788108 0.15437228242402884 0.7054222086564036 25 0.0 52.23268541826984 5.570090846889758 -1.8646556961843999
35 1177.2993409817636 557.1464923612905 0.5968292093517688 0.026277044937156872 0.793403025630118 25 0.0 20.44726501157195 2.075773813989389 -0.7929500724979265
36 1176.7903451514658 562.3158909618572 0.6093070066376138 0.40024662676419487 0.6582466700394899 25 0.0 17.56254788242823 1.6606521730328097 -0.5506966952897665
37 1165.0512538648159 567.272327794461 0.7125938521602905 -0.4616436870780316 0.5655727329276985 25 0.0 14.678498217423721 1.6245057533951304 -0.5268031344831021
38 217.24742237403618 569.2973229523582 0.7364179995492882 0.12702494419155783 0.04889878478122077 25 0.0 11.18238390193592 1.5818021451862707 -0.4978804004522346
39 1182.6913000373781 571.4531309777874 0.4181939031113675 -0.12417639128793502 -0.0935140666058185 25 0.0 15.458097703210134 2.075497526376791 -0.7928055502830329
40 1172.7971804007784 576.4566929023813 0.2265220074446702 -0.013015126786516272 0.4499296337046782 25 0.0 13.464310647566583 1.1786781357725673 -0.17848806884098486
41 1180.4942484315636 575.9619584837286 0.6671957455943016 0.47540937791042703 0.12319170929754195 25 0.0 13.637435286076778 1.068402197915235 -0.07183693195036069
42 486.4588651984266 577.4827751696354 0.5653938793612051 0.6317156324850645 0.033026892315819234 25 0.0 11.016636466356742 1.7269628785680193 -0.5932075060403359
43 918.7271203816136 590.5836350252125 0.5280485349888486 -0.0703480608395832 0.2861007968745178 25 0.0 85.078541467424 7.543004777441633 -2.1938609569525545
44 924.0513723728168 590.8204055978379 0.5920580704811728 0.41983179888501265 -0.11788227549258391 25 0.0 9.798386869522409 1.34658835601082 -0.32308713697746283
45 919.0399124782695 591.3231576812069 0.3248820152938604 -0.7492611857421592 0.3034389663948469 25 0.0 89.9983253410364 10.306639210650545 -2.532792684010891
46 1176.749381683779 591.6343102588509 0.5684367367125169 0.16333653697782272 0.9078276145586625 25 0.0 14.702552949523323 1.4090938776921902 -0.37234981990174193
47 1177.1648671416858 598.8706136822232 0.6013703392472685 0.12526860945892504 0.8024620640912644 25 0.0 19.336564366077617 1.8684835723082578 -0.6787232097225876
48 301.95891718581163 615.7311164539522 0.8780041708162627 0.04421405804741767 0.1178229431696411 25 0.0 78.50872021405911 11.102020600083893 -2.6135050721028414
49 1255.5902826039985 659.8274053123556 0.6024084039825591 0.8115109418607793 0.16783295261936942 25 0.0 25.83384881356949 3.344988386573035 -1.310986535711023
50 1156.3643119781154 698.4428267510111 0.6210492500236139 -0.36643057766162956 0.1441815410064146 25 0.0 91.03619178370985 14.874582820666479 -2.93111198537572
51 1317.9325438430874 719.5921181064277 0.6250713744068461 0.627435407400729 0.4299717810220078 25 0.0 17.089911101884926 2.093586177443597 -0.8022271057095423
52 361.8652809350908 802.7233904699037 0.8517418891571255 0.14983245309590268 0.08281528548223097 25 0.0 108.2303538811283 15.692567728293248 -2.9892350292970815
53 350.560232745337 804.0526435200114 0.4960313031484465 -0.0009310819125689097 0.16894675296276615 25 0.0 347.9423561307207 57.97014750377986 -4.408011013562609
54 861.6903501226508 811.2775644899605 0.4261316148772272 -0.376368819372241 -0.032363215122025446 25 0.0 251.44218304727443 40.06663064114726 -4.006957056138986
55 795.4160311183203 838.9703637660659 0.7854901066352229 -0.09862689405573703 -0.11805704795243673 25 0.0 168.30666360158 24.8743690321679 -3.4893801829089095
56 316.4175202144862 862.0600085787038 0.7752289328813272 -0.22397304245721447 -0.16347052159128866 25 0.0 232.42155448437572 34.93332804484211 -3.8580999054525518
57 772.0814847992102 898.9052880810141 0.9216159050155776 -0.0014081571445926627 0.024225392784943123 25 0.0 107.61089257664212 14.722761599772541 -2.919973199435172
58 70.73851669202189 931.774923679262 0.8251806019675553 0.1431910980275494 0.06556008191427123 25 0.0 274.8079674765489 40.386997130781715 -4.015603908858819
59 809.8374895140842 986.2097465557151 0.8302488241784449 0.009690888977591688 0.08237227492188053 25 0.0 11.666674824095407 1.5087924131762327 -0.4465737289722942
60 1051.0895387211906 1040.157951386173 0.8766071961351442 -0.25692042346778826 -0.1687045958864495 25 0.0 8.57534661610167 1.049088657757456 -0.05203047917750763
61 1099.493684785472 1102.45537657535 0.5347094817361491 -0.4358249172682608 0.061985831158036554 25 0.0 419.16906043979947 72.13328070569099 -4.645339212146357
62 243.71275483550048 1111.9791585144783 0.8283292372995491 0.0026707124718623695 -0.02040645519721977 25 0.0 317.53447401469333 46.292837192402374 -4.163784496526312
63 51.32111353058321 1176.4603473372913 0.637817851522636 0.3685741926618382 0.008954811520182774 25 0.0 10.130175046952424 1.5227730461575708 -0.45658795245355077
64 321.4147871565082 1218.5679118762507 0.4528864305275384 -0.3779329035736347 -0.8397920822622835 25 0.0 58.00170077960748 4.748690911194466 -1.6914347564823076
65 677.014997132285 1469.5951010457072 0.8473102052389228 0.06068697187773291 0.20279017242847905 25 0.0 25.373909639634622 3.499225063404143 -1.359929690910813
66 680.2904932756813 1587.93810489841 0.8575953764828721 -0.08631743367827702 0.014112490587154615 25 0.0 23.919269328055172 3.421712702869691 -1.3356088552129464
67 679.2486760415861 1653.6235508792101 0.8317423633702274 -0.10492788338486034 0.13345055333755074 25 0.0 58.58415716441949 8.422405935054808 -2.3135904232454614
68 353.6512672219133 1943.8573910644168 0.8270427619891783 0.07718715139640123 0.04334813889816685 25 0.0 9.884836973961754 1.2804011802054198 -0.26836516445434083
69 917.4855471981335 2057.75854636211 0.22421172748962637 0.07359450184841809 0.006486530360690468 25 0.0 7.732052610242209 1.2893489457160685 -0.27592617369817435
