data/pcmos-f631n_sharp_16-sources-fwhm4.0-thresh5.ecsv
# %ECSV 1.0
# ---
# datatype:
# - {name: id, datatype: int64, format: '%.8g'}
# - {name: xcentroid, datatype: float64, format: '%.8g'}
# - {name: ycentroid, datatype: float64, format: '%.8g'}
# - {name: sharpness, datatype: float64, format: '%.8g'}
# - {name: roundness1, datatype: float64, format: '%.8g'}
# - {name: roundness2, datatype: float64, format: '%.8g'}
# - {name: npix, datatype: int64, format: '%.8g'}
# - {name: sky, datatype: float64, format: '%.8g'}
# - {name: peak, datatype: float64, format: '%.8g'}
# - {name: flux, datatype: float64, format: '%.8g'}
# - {name: mag, datatype: float64, format: '%.8g'}
# meta:
#   version: {Python: 3.9.4, astropy: 5.0.4, bottleneck: 1.3.4, gwcs: 0.17.1, matplotlib: 3.3.4, numpy: 1.22.3, photutils: 1.3.0, scipy: 1.8.0,
#     skimage: 0.19.2, sklearn: 0.24.2}
# schema: astropy-2.0
id xcentroid ycentroid sharpness roundness1 roundness2 npix sky peak flux mag
1 1226.3173541656352 0.7407483998102177 0.9365123124136057 0.5841863712166643 0.10398296108647441 25 0.0 8.071095154932442 1.1438867467578506 -0.14595757055489372
2 1277.3538165054454 0.3395920599992234 0.8581549761189219 0.03649952248790568 -0.6483576800721562 25 0.0 9.470758987136088 1.5563006601856433 -0.48023375420150705
3 1283.4928416021646 0.11423901946101078 0.7992145060877769 0.12759272505902577 -0.39659946536190177 25 0.0 7.605574148045464 1.317627687432624 -0.29948178031937434
4 1307.6731602133666 0.17863633850658897 0.9906746550161021 -0.2780481788381411 -0.2556491434013388 25 0.0 11.959957678584269 1.7382443292295606 -0.6002770530927495
5 1290.9051484766226 1.3901452952924034 0.8339783497276941 0.4259677581023182 0.3565194390060222 25 0.0 10.82644114921157 1.5474257831752751 -0.47402457196806885
6 1271.0684528448262 1.543606003182328 0.9971629348925184 -0.5196441631102922 -0.15258294300046643 25 0.0 10.221047662302384 1.4033699101726347 -0.36793040132765253
7 1315.1388030264618 2.121637383748 0.9399712723655207 0.5218628808541126 -0.0825517861677794 25 0.0 21.16372786134192 3.2232119507903407 -1.2707221615718303
8 1318.635603201425 1.6821439785807164 0.9640269736733623 0.33333576778766033 0.11622988151876007 25 0.0 34.14471730896042 4.967508912719926 -1.7403466374876517
9 617.4258633236643 7.585086986001979 0.8350058408587021 0.15822404712700056 -0.0858579517394124 25 0.0 32.78584891839909 4.313889677455434 -1.5871725858726315
10 1311.952186046385 7.76843185279577 0.6515797709380434 0.040217832101945135 -0.2735062395600369 25 0.0 9.590643413107548 1.7630995177534714 -0.6156920666124418
11 1318.8786918789833 9.190680909399926 0.9270042756383557 0.5916950785473187 0.10558079239937639 25 0.0 14.36381824344854 1.8960201971339243 -0.6946073982449587
12 1310.7984674427662 11.863400535776801 0.41032654397818014 -0.6489720569440461 0.40863359326034326 25 0.0 4.938196007549171 1.0326520781247406 -0.034885058392098295
13 1312.9333406464361 19.96567149547049 0.6454364483678724 -0.010617141257451234 -0.7442373583834511 25 0.0 10.786226426176857 1.7507594265633792 -0.6080661834638776
14 1080.4965725479428 29.67195327512973 0.7081445949712457 0.24135509675990974 -0.1177194708499905 25 0.0 186.90858481977506 29.24988440112741 -3.6653103851009092
15 1318.0309466343647 39.663571190824875 0.4700655452680433 0.7711496046086409 0.7466515531663085 25 0.0 6.960003947835223 1.2656515698593815 -0.25578540536716365
16 1317.892335765712 58.58538706687899 0.3108049964579216 0.9933596532196245 0.32561886726180594 25 0.0 4.589771455969 1.0029719687319816 -0.0032219885950685854
17 1317.8115823580965 72.13931928593782 0.5009324095425577 -0.17288878191186965 0.07967433690834395 25 0.0 6.342267150167056 1.2248580015527046 -0.2202143590643792
18 1099.4265982828422 114.3125936436542 0.5981044465239306 -0.721698463100718 0.2572584569568208 25 0.0 9.429919201319754 1.3544646557174838 -0.32941919188524876
19 932.1859105409372 131.04238325030636 0.4109568336519853 0.06341561000409011 -0.05287583346458873 25 0.0 130.96400447291492 17.558681769389185 -3.111229769561592
20 932.2253013964279 131.87915740125584 0.3036317368127736 -0.7566373279796906 0.3645678235758574 25 0.0 132.6591176299776 15.278480340816047 -2.960200399274081
21 1046.483420742708 155.66075231190604 0.8122120029648555 0.11102160948911499 -0.12655127786954104 25 0.0 58.36182894370042 8.106038768251986 -2.2720216912102282
22 1065.0315018117456 161.4227743848816 0.39842200011182766 -0.3707204635186878 0.0321708216966132 25 0.0 42.63307810851784 4.549441879791927 -1.644895302964777
23 1058.6726294202351 164.55771131404342 0.8629823125764088 -0.5953393620109408 -0.8822254693943832 25 0.0 15.687296995226978 1.287922363757736 -0.27472421111572476
24 1063.245438604145 166.13562435890034 0.4211450350938014 0.09102854914681136 -0.34772544515672366 25 0.0 42.40299027145374 4.013731801338769 -1.5088708736110665
25 1068.4690228017773 165.74986008754934 0.7044905266434291 0.11371402980407219 -0.23082270694516724 25 0.0 41.42224955781769 3.164830933195168 -1.250876286877455
26 1070.4489891092114 168.0536587106796 0.9175670810916553 -0.1770477582061561 -0.3580039521731816 25 0.0 19.47243232242093 1.3481335492945443 -0.3243322914196046
27 1064.9518302317513 170.22502644419134 0.5352698434190344 0.33859990079363006 0.7880832118424493 25 0.0 43.19149821321382 3.9328427571286997 -1.4867664570004122
28 876.1760840735642 199.2804773847088 0.6600352670285337 -0.16630448049177857 0.8748772464217618 25 0.0 26.20341969774105 2.593220165566713 -1.0345984753322328
29 875.741212542502 200.26087403690826 0.6127343979316209 0.2468771640641147 0.645181843842699 25 0.0 24.882722012142068 2.476507519388552 -0.9845991274083392
30 882.2379637593388 207.31845040540472 0.22099396525189954 -0.1001221683195009 0.6550592476175019 25 0.0 10.972998339601942 2.0208768913364756 -0.7638496444491645
31 878.7022551387784 208.4824304489698 0.3475775439598735 -0.31270456810314773 -0.5940277912720173 25 0.0 22.16448965448933 2.172387491137576 -0.8423432335228358
32 866.3834379942955 211.19154755059827 0.992479665571697 0.029034482168724913 -0.6658213483671869 25 0.0 15.43019015292575 1.363077462381054 -0.33630134268411993
33 873.7527210252509 214.02237660293915 0.44997497794150804 0.29817806665979224 -0.19417184012082517 25 0.0 20.494709200518084 1.173575954680744 -0.1737780067394628
34 879.1466775508742 216.33462587407104 0.5411608790400486 -0.5386290048799287 -0.8296460473156078 25 0.0 21.155687380668642 1.023054594088041 -0.024747024843801868
35 871.3799392535467 217.5651972217196 0.7106777696484174 -0.5650255623787512 0.07341894455414305 25 0.0 15.218351945556355 1.2217849935144258 -0.2174869665956791
36 876.2034981521527 224.66203787108884 0.6012819620402083 0.3636289799640258 0.6135513816386596 25 0.0 23.80035461875378 2.3239827793739214 -0.9155822640605891
37 728.1179369667293 318.5568167119019 0.7415796250569747 -0.07380194428592032 0.15499144459676878 25 0.0 85.44794396890191 13.174992479767866 -2.7993759399778266
38 753.3318889890417 343.328852733433 0.7683394600975989 0.24427966055887076 -0.048761825005990425 25 0.0 137.53982932431228 19.85896081150556 -3.2448912970000094
39 949.7917393336644 354.6247680188548 0.5637282313366918 0.33352979788030157 0.21461101744100386 25 0.0 42.18288078195402 6.685829718096872 -2.062888278295936
40 892.6674023018278 378.3470298015434 0.6385765970101731 0.04649487741826096 0.6137909411850261 25 0.0 237.0306923912791 24.301594915327406 -3.464086943275157
41 707.8847792604863 393.1802195388078 0.927540054361539 -0.03168523738638912 -0.0464615910371229 25 0.0 12.805474139679493 1.4262026753000474 -0.38545311692757245
42 679.0000360935358 397.87757362928807 0.9544347843774488 0.046291966424130165 0.046315776660580704 25 0.0 24.54222131021527 2.8719479792814635 -1.1454414227386656
43 1034.424960518678 422.8636325228387 0.7589660479329563 -0.1333741718984272 -0.1147770370032591 25 0.0 13.079105092662227 1.890661506854887 -0.6915344555554515
44 778.8981771382453 424.907344651349 0.6588853666840583 -0.16210563542013903 -0.030242990614884467 25 0.0 21.874732488518465 3.2232858461663643 -1.2707470528810785
45 1059.932882744783 458.7477156221798 0.4747060255064373 0.2199931822174882 0.46971346736246006 25 0.0 31.75512163605536 4.173140368296304 -1.5511574823587462
46 893.7740426115174 461.07495047009576 0.5885680050702979 0.3733374267811595 0.6826413871987795 25 0.0 22.240160662456873 2.3526939968071585 -0.9289136108212166
47 893.2526622787673 469.11954719228794 0.6142596380394095 0.13124483549248675 0.6963479266848838 25 0.0 15.913527720493787 1.6600161246202167 -0.5502807664850349
48 880.3157363933949 481.32872751516965 0.42092961738190693 0.677039239716928 0.5917767930680291 25 0.0 9.587707669111168 1.1977231997892415 -0.19589115470342808
49 883.1942777700066 484.6082683607397 0.4899909203955988 0.1434459053137472 -0.07883130660804995 25 0.0 10.018766431816333 1.0137863927668411 -0.014866144359081249
50 142.38047997123823 488.0018607876462 0.7925528534842388 -0.1512005328674533 -0.1680775375396466 25 0.0 24.53565510817923 3.5560790956666057 -1.3774285303724962
51 444.6961466661581 507.71878164745567 0.8509157021856282 0.32596337144474685 -0.11052182335381297 25 0.0 12.729550680757612 1.1957952162912182 -0.1941420292948688
52 893.1316649788358 515.617649970025 0.6050963397760182 0.2637392040089408 0.77079672206047 25 0.0 12.403023622052123 1.252123308494866 -0.2441177502249814
53 893.7778415023597 522.8685434451615 0.6281389987430224 0.12878440303239924 0.6559321802788898 25 0.0 15.830319783930516 1.5621136460556706 -0.4842815656257213
54 878.9187828452592 538.0413445455281 0.8273776988588482 0.056124435091115775 0.3971629669144552 25 0.0 12.679474477385625 1.6870919193813023 -0.5678468632489817
55 894.1810750171625 548.044874877297 0.6223066814661671 0.21176213832932791 0.8865742738828707 25 0.0 49.886662680463324 4.774763564479668 -1.6973796779229364
56 1177.2923833145437 561.2435388188499 0.6171444107772711 -0.04930429350870759 0.6581692404418109 25 0.0 28.003283786633272 2.896475396080404 -1.154674609412136
57 1176.973595636373 568.1515564985448 0.634180672934917 0.11685353659724569 0.8034431866059759 25 0.0 22.891833165196616 2.156528398335881 -0.8343879538624298
58 217.19712773200393 569.1925204913863 0.846307121546995 0.0044699853889753486 -0.06104376873366362 25 0.0 17.065976749302653 2.3437409828532854 -0.9247740355012517
59 1182.8983839011578 573.3781405508888 0.35862217534409213 0.4118338847926605 0.7665813130348011 25 0.0 10.452008822420442 1.7859091036911263 -0.6296483777447863
60 1174.5867084673855 576.867994047379 0.43617447740462695 -0.05975463664855908 0.4569183822174442 25 0.0 20.795109826244378 1.4934356148923977 -0.43546626001911276
61 1169.2111886423575 576.5053200823356 0.8397541715714373 0.026607566517492895 0.31388683466059075 25 0.0 19.20088530365832 1.5039533372138532 -0.44308590429445227
62 1178.5478723702695 575.7887092375341 0.49613847482681356 0.04634751404259185 -0.6193930461502338 25 0.0 19.442434415774073 1.692342582278325 -0.5712207054647651
63 486.5363387146618 577.4762679873534 0.6638537089900912 -0.5562967112551717 -0.000427926597734659 25 0.0 14.15385157723899 2.1496174540807282 -0.830902949365921
64 1178.8114576679789 580.200247590328 0.31696229257272707 -0.8449101757987926 0.3038796024895821 25 0.0 20.081438138707664 1.5390514408164009 -0.46813283952241463
65 1177.3082671863144 585.8283718133827 0.6330206533536412 0.5774078641972645 0.7381044080784108 25 0.0 22.034561365671607 1.7748599766331359 -0.6229102402745595
66 1184.665656472134 586.4765390031035 0.8351048112458108 0.20589420455626126 -0.23787928536641287 25 0.0 13.269746203869275 1.192725824698759 -0.1913515565665511
67 918.755963660091 590.5524805119904 0.5194612290058337 0.03194386781487471 0.22772232915434623 25 0.0 118.77823913800003 11.439397850493458 -2.646007911428666
68 919.0781128729584 590.8547624817597 0.2410508222587722 0.026467833532847932 0.4863561534377482 25 0.0 117.99902393592167 11.76332775477584 -2.6763254942090176
69 1177.1364562273154 593.9052356161814 0.6413358676795381 0.09283805870563842 0.7761306104318483 25 0.0 25.043443303335753 2.2758507444640537 -0.8928594415602651
70 525.3899432094469 604.0389097328062 0.5137576895444386 0.12771595147176104 0.1263794423644578 25 0.0 11.921665159974502 1.6166666505089677 -0.5215511988551637
71 301.9084698003426 615.7046972564774 0.8859107870655826 0.08491380818610945 0.11391110736872732 25 0.0 91.02311579902128 12.840979251843965 -2.7714953606279913
72 1219.2960197570492 621.4895593555578 0.5732177942871489 0.5793068619004059 -0.17699386139078344 25 0.0 12.339448718416566 1.216370463624951 -0.21266466473655238
73 932.866229573296 627.5188731975913 0.787660289862483 -0.05040231418062793 0.14782047908707957 25 0.0 10.97312996256073 1.4213840511100455 -0.38177859514016055
74 762.0885879739061 627.4446575437752 0.2647147213575782 -0.8331120741524034 0.4246232876530547 25 0.0 11.664630304899784 1.201378359072787 -0.19919951138741954
75 1227.5765141044096 629.2219995584086 0.6316543742895033 0.051108290711381614 -0.0782099410750108 25 0.0 13.24003921907004 1.5065635062296054 -0.44496860806820754
76 931.1489469732957 636.0920356071371 0.5392206830559754 -0.6096126197479712 -0.13449274066583664 25 0.0 27.44141227614259 3.876978146286379 -1.4712333824677386
77 885.1679929238669 645.1445043857518 0.7022764844363475 -0.04336953559454587 -0.05613126241194564 25 0.0 14.771782220192291 2.117054156180999 -0.8143299195286174
78 1255.7837244572804 659.6845998647486 0.5738689541747329 -0.0940227294165984 0.11982424959196522 25 0.0 40.80236875845231 5.517437493609656 -1.854343554478125
79 1156.312652003764 698.4919128021302 0.7312524379514519 0.27235297517900314 0.07712548913316061 25 0.0 115.12532726610027 17.78974662267965 -3.1254244063037264
80 1303.961560014506 705.5213899994013 0.30053922813856887 0.457909854947358 -0.24336681251926456 25 0.0 11.569798951538285 1.5973369861714346 -0.508491369550919
81 1119.4910620701417 780.2235308775977 0.5248179541273378 -0.08461411866534194 0.13272769112771146 25 0.0 28.509015268086642 3.6084695365911736 -1.3933076081248028
82 361.85143610459596 802.7618639689099 0.8787202473163486 0.13599423725317894 0.03578984545322868 25 0.0 125.02530301738773 17.765991796341606 -3.1239736430808436
83 350.4890247371669 804.0423304798591 0.6675486249802812 -0.12573874147651165 -0.1059872693949688 25 0.0 609.3993331022631 96.31783708626392 -4.959266803761552
84 861.843847061636 811.1941841307112 0.8336732553881538 -0.1302427940082237 0.05156614079365107 25 0.0 855.3223500163671 124.0215218828931 -5.233742640807593
85 795.3896081911352 838.8170955516144 0.8099749519524423 -0.2611502089750888 -0.13251149895845454 25 0.0 256.5937254016084 37.42532344011302 -3.932913905814233
86 316.5094714088355 862.0746949972513 0.730564189344858 -0.10494679773470149 -0.24517284002019424 25 0.0 301.9147088618723 47.27985774141942 -4.1866904028572
87 772.0665818532267 898.7428991941813 0.9110765583425363 0.012911471616268152 0.07515161240203509 25 0.0 144.2727983129918 20.006636660051324 -3.2529352125010815
88 70.71871553875604 931.8235906554828 0.8612701596671147 0.13725887916087 -0.003265876561779298 25 0.0 386.26267728695547 55.93254266575214 -4.369161406473911
89 1140.4253322083293 984.5213210354544 0.3702655319429107 0.33048008844716537 -0.057287761137125116 25 0.0 11.34871082751544 1.1029347804785758 -0.10637458047558543
90 809.7979013770616 986.0977464886951 0.8504229984332844 0.05625890110712076 0.035427374701402864 25 0.0 19.618687019709604 2.5879064687365636 -1.0323714403803486
91 1050.9265596556227 1040.0345611336575 0.9895466971244543 -0.39206255564085996 -0.26398858013437165 25 0.0 13.35494686873357 1.5635089841201482 -0.48525095274270325
92 898.1117531648003 1057.31474841832 0.541016514773482 -0.6865267335650473 -0.6946637637393391 25 0.0 16.230003374113444 1.1510809292314732 -0.15276464678750618
93 1099.279482451646 1102.4539268951266 0.7296849352497801 0.30743163063075146 0.0962626736177241 25 0.0 930.3201790396381 149.61094446730837 -5.4374084114264365
94 243.6827979683734 1112.0346649374371 0.9232837689939606 -0.066379762291699 -0.1069193275573049 25 0.0 608.9078000224195 84.80101592996859 -4.821002638016091
95 872.8829060220393 1136.137848562542 0.9682399455336559 -0.20202030459144066 0.04830154621030471 25 0.0 10.73832583727606 1.307526371338548 -0.2911261421490726
96 51.316388504161445 1176.5652801011352 0.6547395874660836 0.5717956283788083 0.04523722810296321 25 0.0 13.025228430928463 1.9422272009557728 -0.7207500803432475
97 0.7862063974890242 1183.9334956501966 0.4940691280190866 0.2033775073111193 0.7960903759738568 25 0.0 6.686805436792525 1.009388142463096 -0.010145496652248016
98 320.9349384114307 1218.167724273989 0.3922026360102786 -0.2584489235404631 0.2176525884759541 25 0.0 110.37771936626618 9.866868888355558 -2.4854483932629603
99 677.0483179454382 1469.4871120558569 0.7525239144040373 0.08232515164247925 0.21270877572907518 25 0.0 33.877353528361525 5.118844420969927 -1.772929825174184
100 320.860377836673 1512.8909215218785 0.9175504295064153 -0.1264346585103083 0.04423505276312379 25 0.0 9.217974889151265 1.0625733585647814 -0.06589730708846538
101 892.7787190961681 1535.2984667956348 0.7210690561613289 -0.20074645934140714 0.0010646802245443347 25 0.0 9.113240951378955 1.257687313468659 -0.24893170031923303
102 287.58738587524556 1587.304324917923 0.8265899632555396 -0.22840248166892627 -0.026002353075227438 25 0.0 8.989418829053838 1.1631646092151857 -0.16410294936430844
103 680.2141195324126 1587.831476808959 0.9252436960109102 -0.04518120994732005 0.010378622359514669 25 0.0 40.68722905877182 5.649836252721315 -1.880089652482183
104 679.2205742497539 1653.5267457957425 0.7214497491587971 0.3423986138729311 0.17609237842341985 25 0.0 73.93109787142853 11.693135277258484 -2.6698274351007183
105 353.6868828042303 1943.6852786215336 0.771282842729638 0.2435759646997624 0.0678111161882309 25 0.0 12.950690343743569 1.8320243237554945 -0.6573280887262265
106 917.4997669961186 2057.1593795609488 0.6740003986766658 0.154246081460499 0.5677197952228018 25 0.0 10.358299857431719 1.0478260235114953 -0.05072295065273325
