data/pcmos-f547m_sharp_16-sources-fwhm4.0-thresh5.ecsv
# %ECSV 1.0
# ---
# datatype:
# - {name: id, datatype: int64, format: '%.8g'}
# - {name: xcentroid, datatype: float64, format: '%.8g'}
# - {name: ycentroid, datatype: float64, format: '%.8g'}
# - {name: sharpness, datatype: float64, format: '%.8g'}
# - {name: roundness1, datatype: float64, format: '%.8g'}
# - {name: roundness2, datatype: float64, format: '%.8g'}
# - {name: npix, datatype: int64, format: '%.8g'}
# - {name: sky, datatype: float64, format: '%.8g'}
# - {name: peak, datatype: float64, format: '%.8g'}
# - {name: flux, datatype: float64, format: '%.8g'}
# - {name: mag, datatype: float64, format: '%.8g'}
# meta:
#   version: {Python: 3.9.4, astropy: 5.0.4, bottleneck: 1.3.4, gwcs: 0.17.1, matplotlib: 3.3.4, numpy: 1.22.3, photutils: 1.3.0, scipy: 1.8.0,
#     skimage: 0.19.2, sklearn: 0.24.2}
# schema: astropy-2.0
id xcentroid ycentroid sharpness roundness1 roundness2 npix sky peak flux mag
1 617.0003558429298 7.797772233510147 0.765168480521397 -0.32853089110914757 -0.01198468714523545 25 0.0 20.96568124157176 2.9301854978365576 -1.1672377864968668
2 1080.3993610818002 29.921950565144083 0.831304947791526 -0.2627684387348725 -0.17642980793423177 25 0.0 86.57966867375914 12.492355676133178 -2.7416108518763087
3 892.6292260657212 72.33211874365581 0.6022430305405758 0.054266289935923834 0.6792054302366793 25 0.0 142.22634169807148 14.379413435111545 -2.8943529266800976
4 931.5187577364653 131.46506148471687 0.40711481108374065 0.7492001995607258 0.206799231589359 25 0.0 50.00360300069846 4.537099047303045 -1.6419456506268162
5 1065.3056976668984 144.15669697406383 0.6347450932745115 -0.01583590571685421 0.6354890819555781 25 0.0 25.62226455908968 2.627354782570959 -1.0487968033101867
6 873.2567392386309 156.70811072554298 0.9218461266654244 -0.13729088056501115 0.23335923417475035 25 0.0 53.97041560803245 4.4248431615595285 -1.6147447043776142
7 1059.0206468366036 160.32076742278738 0.46479737810547594 0.44812858754935053 0.4450699342943433 25 0.0 15.664438507601787 1.9580006684315536 -0.7295320893216353
8 1063.440739243288 163.41667483284817 0.36266140377029404 -0.20528779841916084 -0.11033508572616652 25 0.0 15.757733796694293 1.3233583380522864 -0.30419364517576347
9 1068.217900895652 162.55619953481374 0.5404967352792169 -0.3850461316606528 -0.8350570701170201 25 0.0 15.579268966392874 1.0836138595115699 -0.0871863776481755
10 1058.632410249862 164.74557491699977 0.44592874426810003 0.5010897412745489 -0.7340970305816211 25 0.0 14.186339474186603 1.4189644949078466 -0.37992882187392774
11 1067.8549274761328 167.39441606752922 0.5406220941131641 0.6124251591689676 0.46100540905670956 25 0.0 15.081996840806235 1.0016242671778188 -0.0017620950117010897
12 1067.9551766475442 169.0288389843162 0.44910261045843813 0.5346217409123976 0.7221995875573483 25 0.0 16.093453672672567 1.40145884993049 -0.36645087598552495
13 1061.3980703381646 170.66859433778802 0.5384606699136423 -0.07884063078608985 -0.22223228528738012 25 0.0 15.643807471290318 1.1454256629303348 -0.1474172728210909
14 875.8055367834854 172.18155496934997 0.5959889473801618 0.2900494781304332 0.7964208525931767 25 0.0 26.397480322541757 2.7682164143558783 -1.1055000987524206
15 1071.4338371212516 172.24885047683364 0.8859007193262696 -0.638676333207162 -0.13033203179721323 25 0.0 15.11853322619357 1.3006572182563465 -0.28540713872375345
16 1064.838265995372 174.42880121522924 0.5941712804843421 0.35779199307438725 0.663209113781831 25 0.0 16.255604240561556 1.3404120410911717 -0.3180958012577636
17 1062.316334674901 191.69700695018278 0.7372930113774553 0.07326847650528791 0.5198433402470082 25 0.0 27.550387210998917 2.544667590603311 -1.0140776464507104
18 875.2157242864512 194.2375879584046 0.6502030578392706 0.005672913933842454 0.7141533085311308 25 0.0 10.983233273789976 1.070473617743174 -0.07393992099639508
19 876.8837207480765 196.25912590366542 0.583571423617307 0.27946571849140084 0.511291661100092 25 0.0 10.365317989849366 1.0600347930533287 -0.0633003003861827
20 875.8404978385666 244.94325825495503 0.6359990277804788 0.14939975618592785 0.9319834527100517 25 0.0 15.77437397826684 1.5001626561856722 -0.4403458757293926
21 876.2017246102914 262.9283814566143 0.580690851172263 0.1523016071510511 0.6559956289648393 25 0.0 41.307677938769224 4.675247389030937 -1.6745114908814498
22 727.8580802222228 318.9993393481849 0.9816335164556885 0.019481680865719428 0.11661703325753707 25 0.0 80.92654448707948 10.56213189221585 -2.559378965849357
23 752.9933092319172 343.7549942370336 0.8392846602525549 0.10831574222605962 0.20520790942742365 25 0.0 124.24205311294072 17.931488535528384 -3.1340408571922875
24 890.2734697933137 354.8338019589924 0.8491063684321478 0.11101008390813517 0.5039640272862093 25 0.0 111.62839102701139 9.517973814991455 -2.4463612641794454
25 949.633589399798 354.9314152279229 0.7725466722962029 0.07328826717567222 0.016919251118613185 25 0.0 32.33147671519652 4.454490131393317 -1.6219950028095054
26 893.7296666497456 380.4302479310757 0.6481282934684873 0.24271371690655563 0.8086231276379829 25 0.0 79.89825091122704 7.659257253525957 -2.21046664133508
27 678.7452775013431 398.269031011431 0.9741259985514914 -0.08915558111378484 0.05689253004296583 25 0.0 20.556456803290402 2.385332887202173 -0.9438724898728891
28 1034.1719435090934 423.32132867066565 0.8165965401754729 0.31232166690794705 0.08301041030574297 25 0.0 8.732279982435692 1.1496003091175002 -0.1513671797604617
29 892.2200089552846 438.1934966612353 0.5996172319190092 0.2091390446275971 0.7791625339172165 25 0.0 17.003840502595136 1.7445414076498134 -0.604203205312146
30 891.3563029786741 443.1404479110169 0.6479143035854162 0.14925779710346074 0.7334475491177697 25 0.0 13.872217348262321 1.324804402952626 -0.30537940702375904
31 1059.8179055810876 459.14097343288654 0.8599372365257067 -0.15043823705006246 0.2192711191644415 25 0.0 24.308311745657836 2.792816630492539 -1.1151060548096672
32 142.52634533095758 487.6819321615443 0.902254311301335 0.11730595709637504 -0.04775830321946765 25 0.0 26.932674407068397 3.4509954626757673 -1.344860970717726
33 444.6904004147701 507.76049285512363 0.7672579932337932 -0.36966530248187746 -0.22299292469054618 25 0.0 8.707913422880587 1.0513300843335467 -0.05434773036078234
34 1177.3668010084564 511.2792971804639 0.6085832868457728 -0.048054674719866394 0.6387735694937716 25 0.0 58.37436448884717 6.0174703281559365 -1.9485348936701552
35 878.6014252560618 538.512448769381 0.6299861423894745 0.07859424884858969 0.3783783747897277 25 0.0 8.840825502832525 1.1540349667075853 -0.15554741983543913
36 1176.8678522253713 550.08110519073 0.5999463487692743 0.3018552305542523 0.7703353316030122 25 0.0 16.193001270620595 1.6048627540101947 -0.5135947449291032
37 893.8120458468295 554.8530494955895 0.5986736509359114 0.14118306479243214 0.6563837086990278 25 0.0 20.656956088661214 2.240332540268841 -0.8757812173586539
38 893.2396010991894 558.8733329147356 0.650386630444632 0.30047430054611507 0.6238283406148412 25 0.0 25.791883678281014 2.6685190313138927 -1.0656757611178316
39 1176.2639208171913 560.235381398882 0.6072890218607151 0.12168885526052312 0.7616934351814806 25 0.0 11.541726938660483 1.182628286536208 -0.18212065600422345
40 217.35286631988436 569.0604589090425 0.6552440976611061 -0.09064028908577432 -0.1244555138275016 25 0.0 16.3427041302967 2.5451906582656685 -1.014300801388546
41 486.84147258326436 577.5095800162051 0.7873241181127497 0.2572391545413319 0.2089032231730218 25 0.0 16.00889081781689 2.2433082084627927 -0.8772223636711813
42 918.9003754663407 589.4368994111471 0.5581668895778775 -0.7614730890181794 0.7644307484136047 25 0.0 37.91810313690301 2.677797458542909 -1.0694443126051014
43 918.4478529733072 590.9030191617209 0.4908805891029653 0.6947186117450909 0.015575553435845784 25 0.0 38.8754770497118 3.730472404716346 -1.4294095793680281
44 1176.6699921672741 603.6800690664284 0.6009549714793694 0.022359539692197762 0.6639733623762191 25 0.0 12.595936167674802 1.2477701806869987 -0.24033650653399835
45 302.04778549286505 615.6913531662558 0.9214649521768966 0.0011993863508650063 0.2200979934067376 25 0.0 100.77837910226047 13.839184102908852 -2.85277621698367
46 1177.271448788462 653.7305764786155 0.5674532899727391 0.08537007685927284 0.7527026990605781 25 0.0 108.42555719250721 11.621529285492487 -2.6631582023539515
47 1255.9064695721163 660.2389008859848 0.6084123252494287 -0.42664769897326277 0.08005873848483926 25 0.0 26.584207216855848 2.9904971558775215 -1.1893584842777
48 892.741070594824 661.564023660841 0.6022315426491304 0.03805535759752793 0.7577944891751004 25 0.0 184.93756266681024 19.52104834798004 -3.226257842691085
49 1255.4715580089094 662.642079464904 0.48910034071199193 -0.18127911134218222 0.062066813050477586 25 0.0 15.264147326621778 1.4370872995002084 -0.3937078781288985
50 1156.1896220915553 698.9875628902009 0.916951866198781 -0.12684671596051916 0.0037852660217924335 25 0.0 98.05026089525171 13.538144338663297 -2.828897850180694
51 893.5918170420873 734.6202235949934 0.45478155488384325 0.14315526128474398 0.997647706347582 25 0.0 354.0226030236085 61.2675772304634 -4.4680767672472
52 361.9588464023346 802.8828585181172 0.9962660680512867 0.06565676738738972 0.1350015027779344 25 0.0 142.55919587041043 18.8009056373694 -3.1854469242016274
53 350.70315872609456 804.2479014112132 0.3579615686080262 0.1162956898227792 0.02769628345598644 25 0.0 261.1580413994505 40.63056307405242 -4.022132102472403
54 861.6289679699486 811.5721486336225 0.45608497295163775 0.39714400787750087 -0.14664859390803567 25 0.0 333.59514250699397 58.174298332962806 -4.41182788441088
55 795.159178822928 839.1661108236736 0.8937711881484327 0.08964764904002849 -0.029689043806143185 25 0.0 362.82547550057967 51.81571318851594 -4.286153700340121
56 316.498420206575 862.1268678532775 0.8586190166408615 -0.3748934851941089 -0.13809511588443543 25 0.0 319.42362651286203 44.97699279238461 -4.132476036745642
57 70.45725394848219 931.783371017996 0.752855530771189 0.16976981491506438 -0.014500948056971654 25 0.0 368.45760743223866 55.19740786901075 -4.354796708153714
58 809.6144500422017 986.4964748819336 0.6356786871381008 -0.2773315503793764 0.033948253941992926 25 0.0 9.328759817236353 1.3066740066087057 -0.2904181296436425
59 1050.9387296497691 1040.643291434064 0.7232961795249349 -0.03659448680670095 0.15284589365650345 25 0.0 8.876326527103602 1.2777708162071115 -0.2661324119770963
60 1099.341455053791 1102.8735117989322 0.6131500763050791 -0.08310968394468055 -0.10729124061071155 25 0.0 614.173408448048 103.73600346949195 -5.039823780905527
61 243.4436371351762 1112.245135432192 0.58077006926367 0.15935018841467227 -0.12208132979345365 25 0.0 386.63289084390345 66.53794032076019 -4.557673382932065
62 50.86600645001682 1176.5024057743778 0.586275963949575 0.25852913026464786 0.24010487563291513 25 0.0 15.869119035051712 2.604965164873495 -1.039504800082743
63 322.1500022357778 1218.456693892542 0.4188512810556498 0.05672833083233808 0.07859190253302062 25 0.0 90.76660138125743 6.053938005818032 -1.955094923336572
64 676.8672290032488 1469.7411968380895 0.8995452214696728 0.08685798725082106 0.0746716005683819 25 0.0 42.05820095213598 5.792837452221477 -1.9072283557747953
65 892.7041264821929 1535.641042127528 0.6646422181166239 0.12380263433542472 -0.024051088082203468 25 0.0 7.969773588116657 1.1566648440323684 -0.1580188393120874
66 287.1809250350908 1587.6990068735004 0.7490514432186185 -0.1800642658436169 0.1207444711374046 25 0.0 8.377332760433344 1.1504052538454914 -0.15212714111339418
67 680.0408393952158 1588.1090900024183 0.9506657374335934 -0.00011293553755230536 0.0620754420252835 25 0.0 62.71821372169782 8.642184373112828 -2.341558818375708
68 679.0494506643275 1653.8479800004575 0.9587745342903425 0.01753650885509781 0.08970573731613032 25 0.0 103.53481404682385 14.087391145142032 -2.8720764330618858
69 353.30334696826003 1944.2030512073711 0.7219265884330641 -0.007080334498720969 -0.10427506058761854 25 0.0 12.176016797866808 1.8086183592489438 -0.6433673376054688
70 917.6603305877261 2058.0132037214253 0.28305091949415323 -0.07744841757375269 -0.013655054846406958 25 0.0 7.760450900758651 1.2421233789479451 -0.23541184011473495
