data/pcmos-f656n_sharp_16-sources-fwhm4.0-thresh5.ecsv
# %ECSV 1.0
# ---
# datatype:
# - {name: id, datatype: int64, format: '%.8g'}
# - {name: xcentroid, datatype: float64, format: '%.8g'}
# - {name: ycentroid, datatype: float64, format: '%.8g'}
# - {name: sharpness, datatype: float64, format: '%.8g'}
# - {name: roundness1, datatype: float64, format: '%.8g'}
# - {name: roundness2, datatype: float64, format: '%.8g'}
# - {name: npix, datatype: int64, format: '%.8g'}
# - {name: sky, datatype: float64, format: '%.8g'}
# - {name: peak, datatype: float64, format: '%.8g'}
# - {name: flux, datatype: float64, format: '%.8g'}
# - {name: mag, datatype: float64, format: '%.8g'}
# meta:
#   version: {Python: 3.9.4, astropy: 5.0.4, bottleneck: 1.3.4, gwcs: 0.17.1, matplotlib: 3.3.4, numpy: 1.22.3, photutils: 1.3.0, scipy: 1.8.0,
#     skimage: 0.19.2, sklearn: 0.24.2}
# schema: astropy-2.0
id xcentroid ycentroid sharpness roundness1 roundness2 npix sky peak flux mag
1 932.6526099198928 131.61055203710967 0.5797966015066517 -0.5726858124212436 0.04011616181359535 25 0.0 29.082723813702085 3.2058288398361934 -1.2648508288109244
2 932.3825052409006 131.65798628065613 0.556670101815464 0.3719933625160841 0.13926973834636727 25 0.0 29.144244417576104 2.9605522035187026 -1.1784318085376349
3 1046.6079122031717 156.5184503677651 0.7755565224925389 -0.8093566681537504 -0.04160139209347647 25 0.0 21.12689470267161 2.581550316799872 -1.0297014856657052
4 1045.4450099703208 156.18376975712576 0.464468618327222 -0.8699070389946146 -0.10247747879167042 25 0.0 12.187456497170047 1.4151630609086756 -0.37701620985009016
5 1064.2589009013468 166.6486428601271 0.4061337863960828 -0.7418607079037441 0.42907408228401783 25 0.0 27.570175461169033 2.153005815561977 -0.8326130072840601
6 1065.6347106775881 166.49488823353485 0.5401030659593811 -0.0750348651300084 0.866770502466674 25 0.0 28.18421663464213 2.136885306878957 -0.8244530322160928
7 1064.9339246957086 167.8910654072144 0.2886796176171886 0.9639131632919201 0.3165359949379983 25 0.0 27.73927456883467 2.998942775423933 -1.192420447030758
8 876.589542278184 210.73219491302194 0.5195371225272523 -0.7161262623384869 0.8504444731300501 25 0.0 19.39687888324911 1.2310027058546489 -0.22564751887672968
9 875.0861453795469 213.8918023035064 0.5648960638693792 0.09859887557713151 0.9214743118987386 25 0.0 18.68353988127844 1.3722611451705582 -0.343591916754768
10 876.2915225183674 216.77018038091822 0.4510605980699728 -0.7742742759374932 0.8261308780127951 25 0.0 19.22926938800231 1.6498446570091587 -0.5436076366260868
11 728.3695801270849 319.2016229030085 0.5722847096531767 -0.4079542936536365 0.022870717118167582 25 0.0 9.058615841746851 1.1262544423050769 -0.12909129246452875
12 754.0312315584233 344.46572052860483 0.41361993521234297 -0.409079583909369 0.008106925860041123 25 0.0 19.354737033074798 2.2001561976720234 -0.8561337854407716
13 949.7931157600302 355.88033043657066 0.4593302486958652 0.17440584942022708 -0.15253207317096396 25 0.0 22.45209436334936 2.8156153456097086 -1.1239333088016168
14 1034.5823265361407 423.52675505988054 0.5343346421747419 0.47527467287893643 0.021138898945734896 25 0.0 9.226342783175207 1.2930322118329667 -0.27902336024247143
15 778.9526537583812 425.6861477188443 0.5501147829627937 -0.39972074553629444 -0.0069461888253097214 25 0.0 23.75098326549012 3.301832708427187 -1.2968876634984485
16 1.9703275180249868 453.22037834125575 0.2476562590778775 -0.06148295868579864 0.07145238936716528 25 0.0 6.490710509357297 1.003402018896841 -0.003687426289017674
17 866.1748542343546 459.0734613532437 0.6669212906362043 0.09829728240107884 0.055592049801344766 25 0.0 23.121775783985953 3.383575303786366 -1.323439616120655
18 1059.7926128672484 460.04440400348193 0.47954355275969496 0.4227156524557625 0.5213877899831784 25 0.0 27.70164205959944 2.804995857009387 -1.1198305603447192
19 891.2951963127691 463.78350981155387 0.8472969959769892 -0.06432442453107089 0.4498059242094875 25 0.0 22.13285806953937 1.854963287127503 -0.6708382965276339
20 893.8389510724313 479.3590588584395 0.6063044488732804 0.2160637666769087 0.7782608523349881 25 0.0 14.874878662515842 1.400399105792366 -0.36562956194920215
21 898.6841953385315 490.2120576727645 0.660280076428018 -0.6184334595451662 -0.43250688988988145 25 0.0 12.851351441944235 1.2708545296149445 -0.26023960297589566
22 883.7757319243491 493.9308589690572 0.8858644603473411 -0.18862497434688447 0.20097580366382758 25 0.0 12.554738684079982 1.305830999177381 -0.2897174353147822
23 898.2901041161722 496.2250564815895 0.38063736000987813 -0.6195763838226571 -0.2959727508995621 25 0.0 12.49569989074087 1.2610797963441118 -0.2518564198733835
24 887.4591036354249 502.4658170463977 0.5435611133944539 0.5014484056647801 0.48551822647115156 25 0.0 11.552804894345877 1.5191413871049206 -0.4539954892684863
25 893.9995524298109 511.75093533436734 0.7370685289278008 0.2255804856493518 0.944419880863194 25 0.0 15.651283619715585 1.2575882227610775 -0.24884615393094883
26 894.0784084299614 514.8570903022397 0.7112997323096683 0.18784504795279766 0.9012251048039147 25 0.0 16.82924591486899 1.4588785439762395 -0.4100478426936125
27 1176.8716927661171 574.3512684071302 0.5962608922222773 0.200594224045426 0.5265414595228626 25 0.0 23.312471129369456 2.0071896919049927 -0.7564710448891983
28 1177.3252497482924 575.1958700130396 0.6317779946085249 -0.6734272863073771 0.8808434242885775 25 0.0 23.603199046024397 1.906135261230605 -0.7003842883971385
29 1177.7844260079194 579.2977090399132 0.5997701245697805 0.28256361952947595 0.7587969430682795 25 0.0 22.886128013402566 1.8516628810243805 -0.6689048016560177
30 1173.7622049038262 579.06865228789 0.5643355164506685 0.8827285689256782 -0.4748209579972453 25 0.0 23.65342313852679 1.5145437901507348 -0.45070458662166
31 919.076733185653 591.3763020866162 0.3465846065779384 0.013771692980539558 0.2191856024423085 25 0.0 39.99694078503752 6.581653734425929 -2.0458375750296396
32 932.9572714124104 628.4178649578636 0.7222893780150822 -0.08078571841988194 0.24467372858656475 25 0.0 13.176529016850326 1.5811789260660898 -0.49745254359454766
33 931.2952804461339 636.7150693234871 0.4714107299069773 -0.886559551057532 -0.08077052804348762 25 0.0 23.55056262526428 2.67383868554023 -1.0678380061060424
34 885.4211462918707 645.6524698186608 0.44998370079068056 0.3444841731293223 -0.010280538613372081 25 0.0 12.882667719700873 1.804051868423863 -0.6406225495425787
35 1119.6790885258342 780.4459237836209 0.5456472348049629 -0.9540529519600298 -0.050400950359658456 25 0.0 11.69348570094315 1.2204168989480775 -0.21627053157269485
36 351.4172584259105 804.4635729755241 0.5422222610000818 0.252236682368919 0.03470557192142553 25 0.0 36.79847347593013 6.138198042705124 -1.970102240976927
37 862.2239943254915 811.5794968283063 0.7909251793039299 0.14313134852020468 0.08437683938185547 25 0.0 29.73636521318139 3.6727846610714177 -1.4124886649620858
38 795.8801652611323 839.116267906496 0.7477850234528794 0.4211748016173408 0.254008970929858 25 0.0 18.997720998888 2.3039551257110804 -0.9061850401268002
39 317.10618576425304 862.237690841676 0.8599388509330167 0.10528054180015485 0.07007913085833704 25 0.0 12.148313273418779 1.4169477887877397 -0.37838461951573266
40 71.2147215396653 931.8858230846051 0.8067941720668147 -0.07851832373676737 -0.008199329416200407 25 0.0 9.514266239284792 1.2485493436025885 -0.24101427667207656
41 1099.6641843420339 1103.0699116320477 0.841483503962202 -0.11729712495012305 -0.06686401513298378 25 0.0 53.7870471664059 7.635176942147055 -2.207047765271424
42 244.14256470559707 1112.218299193396 0.8718664745641769 0.11774331781062936 0.04475217760107987 25 0.0 22.387259143269784 3.034426810048154 -1.205191667076059
43 917.4755999892648 2057.8607635005524 0.2665062932471148 0.0013858079100695264 -0.07550896754091337 25 0.0 7.732031406804625 1.146194414835111 -0.14814571975250007
